0 0.4 0.50625 0.04296875 0.046875
0 0.14140625 0.5484375 0.0484375 0.04140625
0 0.2671875 0.453125 0.0734375 0.0796875
0 0.35859375 0.534375 0.04609375 0.0546875
0 0.35234375 0.5203125 0.05625 0.05390625
0 0.428125 0.1859375 0.034375 0.04140625
0 0.46171875 0.0765625 0.059375 0.0578125
0 0.44609375 0.103125 0.046875 0.04140625
0 0.3078125 0.196875 0.046875 0.04765625
0 0.40546875 0.1 0.0625 0.0609375
0 0.3046875 0.165625 0.05 0.05859375
0 0.36640625 0.14921875 0.05 0.03984375
0 0.490234375 0.03203125 0.01953125 0.0296875
0 0.26015625 0.2109375 0.0453125 0.04453125
0 0.3109375 0.184375 0.0734375 0.06875
0 0.0234375 0.548046875 0.046875 0.04140625
0 0.516796875 0.3546875 0.03359375 0.034375
0 0.507421875 0.201953125 0.01484375 0.05078125
0 0.7875 0.38984375 0.06484375 0.0578125
0 0.66875 0.5046875 0.0625 0.0578125
0 0.60859375 0.1859375 0.053125 0.053125
0 0.5828125 0.13203125 0.0453125 0.04296875
0 0.84296875 0.42890625 0.040625 0.04140625
0 0.79765625 0.46171875 0.0390625 0.04453125
0 0.71015625 0.01328125 0.04375 0.0265625
0 0.78984375 0.29140625 0.03046875 0.02734375
0 0.646875 0.390625 0.034375 0.03515625
0 0.85390625 0.3671875 0.06640625 0.0625
0 0.1734375 0.93359375 0.059375 0.053125
0 0.12265625 0.853125 0.0515625 0.04765625
0 0.22109375 0.9625 0.04765625 0.0453125
0 0.20390625 0.94375 0.03125 0.02890625
0 0.09921875 0.91796875 0.040625 0.03828125
0 0.021875 0.852734375 0.04375 0.04765625
0 0.04140625 0.91796875 0.040625 0.03828125
0 0.836328125 0.709765625 0.07109375 0.01953125
0 0.940625 0.84375 0.0671875 0.06953125
0 0.9546875 0.9484375 0.046875 0.040625
0 0.89375 0.75859375 0.04375 0.065625
0 0.803125 0.75390625 0.0625 0.05390625