0 0.4234375 0.8515625 0.028125 0.03125
0 0.19375 0.1578125 0.0609375 0.05234375
0 0.68125 0.32109375 0.05234375 0.0609375
0 0.61015625 0.5796875 0.0640625 0.0609375
0 0.8328125 0.2828125 0.07265625 0.065625
0 0.59453125 0.65078125 0.04765625 0.05859375
0 0.246875 0.7015625 0.0640625 0.0625
0 0.55 0.37734375 0.04375 0.04375
0 0.7546875 0.4015625 0.0546875 0.046875
0 0.7734375 0.2859375 0.0515625 0.05390625
0 0.609375 0.190625 0.0625 0.0625
0 0.559375 0.41875 0.05078125 0.05234375
0 0.709375 0.7453125 0.03984375 0.0359375
0 0.5109375 0.79609375 0.05078125 0.06015625
0 0.575 0.37734375 0.05703125 0.04609375
0 0.746875 0.39765625 0.02734375 0.02578125
0 0.375 0.4453125 0.04765625 0.0296875
0 0.45 0.63125 0.06328125 0.05859375
0 0.05625 0.1578125 0.0609375 0.05234375
0 0.9171875 0.2828125 0.07265625 0.065625
0 0.017578125 0.7015625 0.03515625 0.0625
0 0.983984375 0.4015625 0.03203125 0.046875
0 0.975390625 0.285546875 0.04921875 0.05390625
0 0.99453125 0.397265625 0.0109375 0.02578125