0 0.12265625 0.20390625 0.0328125 0.0359375
0 0.134375 0.4625 0.0703125 0.07265625
0 0.35546875 0.096875 0.071875 0.06875
0 0.07734375 0.0203125 0.05625 0.040625
0 0.00546875 0.44296875 0.0109375 0.025
0 0.1546875 0.34921875 0.06328125 0.07578125
0 0.1109375 0.45234375 0.05078125 0.040625
0 0.425 0.39453125 0.03125 0.02890625
0 0.1640625 0.43515625 0.03203125 0.03125
0 0.2546875 0.15625 0.025 0.02109375
0 0.6125 0.39453125 0.03125 0.02890625
0 0.93671875 0.32734375 0.071875 0.078125
0 0.73515625 0.1703125 0.05078125 0.05859375
0 0.95234375 0.34375 0.0453125 0.0671875
0 0.8015625 0.2875 0.08359375 0.075
0 0.7703125 0.612890625 0.0453125 0.01328125
0 0.659375 0.28515625 0.03125 0.0359375
0 0.99375 0.380859375 0.0125 0.06484375
0 0.73984375 0.3015625 0.0375 0.0375
0 0.90546875 0.28125 0.078125 0.07265625
0 0.628125 0.678515625 0.0234375 0.05078125
0 0.28515625 0.72578125 0.0453125 0.04375
0 0.59765625 0.81953125 0.034375 0.03125
0 0.27109375 0.6453125 0.0453125 0.0390625
0 0.3484375 0.7421875 0.0578125 0.05546875
0 0.34375 0.86875 0.059375 0.04765625
0 0.42421875 0.82578125 0.0546875 0.03359375
0 0.7984375 0.871875 0.0703125 0.06796875
0 0.984375 0.8875 0.03125 0.05625
0 0.8484375 0.81875 0.07578125 0.071875
0 0.821875 0.84609375 0.0421875 0.0359375
0 0.646875 0.778515625 0.0140625 0.04140625
0 0.769921875 0.9890625 0.04140625 0.021875
0 0.991015625 0.806640625 0.01796875 0.03984375
0 0.690234375 0.65390625 0.08046875 0.06875