0 0.19921875 0.28515625 0.0765625 0.0828125
0 0.0546875 0.32734375 0.04765625 0.0453125
0 0.22109375 0.08515625 0.0515625 0.06328125
0 0.29140625 0.30390625 0.0765625 0.06796875
0 0.33046875 0.16015625 0.07109375 0.06796875
0 0.27421875 0.05234375 0.053125 0.0546875
0 0.05625 0.1359375 0.0765625 0.0609375
0 0.016015625 0.063671875 0.03203125 0.05234375
0 0.452734375 0.303515625 0.07421875 0.06796875
0 0.41484375 0.16015625 0.07109375 0.06796875
0 0.4671875 0.05234375 0.0453125 0.0546875
0 0.74375 0.07890625 0.075 0.0625
0 0.5703125 0.0671875 0.0625 0.0640625
0 0.815625 0.11015625 0.0640625 0.0625
0 0.59609375 0.24765625 0.0546875 0.06640625
0 0.74453125 0.17578125 0.06953125 0.06796875
0 0.98984375 0.11875 0.0203125 0.0203125
0 0.979296875 0.419921875 0.04140625 0.06015625
0 0.95546875 0.1578125 0.0421875 0.0359375
0 0.514453125 0.0671875 0.04921875 0.0640625
0 0.499609375 0.247265625 0.01953125 0.06640625
0 0.32265625 0.63125 0.03203125 0.03515625
0 0.15625 0.96953125 0.05859375 0.0515625
0 0.01171875 0.6015625 0.0234375 0.0640625
0 0.0734375 0.615625 0.021875 0.01953125
0 0.159765625 0.972265625 0.05859375 0.05546875
0 0.2171875 0.9328125 0.0609375 0.0609375
0 0.15234375 0.77421875 0.03984375 0.03359375
0 0.4484375 0.5546875 0.0546875 0.053125
0 0.41875 0.65703125 0.06328125 0.05078125
0 0.15546875 0.815625 0.0328125 0.0359375
0 0.79140625 0.59765625 0.05234375 0.0609375
0 0.540625 0.728125 0.05390625 0.04609375
0 0.9234375 0.93125 0.04765625 0.04609375
0 0.565234375 0.98203125 0.05234375 0.0359375