0 0.4078125 0.3375 0.040625 0.0453125
0 0.61953125 0.33359375 0.078125 0.065625
0 0.18125 0.278125 0.05078125 0.04375
0 0.73125 0.06484375 0.06953125 0.071875
0 0.54140625 0.0703125 0.0671875 0.065625
0 0.4484375 0.66015625 0.04375 0.0375
0 0.515625 0.3546875 0.04765625 0.05234375
0 0.5921875 0.328125 0.03359375 0.04140625
0 0.81484375 0.69375 0.078125 0.06953125
0 0.40234375 0.1796875 0.084375 0.0828125
0 0.38828125 0.040625 0.06328125 0.05625
0 0.4984375 0.66640625 0.03203125 0.0296875
0 0.5375 0.328125 0.05390625 0.0546875
0 0.6296875 0.2 0.04453125 0.03828125
0 0.384375 0.8953125 0.0734375 0.0703125
0 0.81875 0.27734375 0.059375 0.05859375
0 0.625 0.7671875 0.0625 0.05
0 0.73515625 0.78671875 0.05625 0.03515625
0 0.7703125 0.2484375 0.03359375 0.0328125
0 0.77421875 0.3828125 0.03046875 0.03359375
0 0.8015625 0.30859375 0.0453125 0.0421875
0 0.8359375 0.73828125 0.03515625 0.034375
0 0.628125 0.61484375 0.0265625 0.0265625
0 0.06875 0.278125 0.05078125 0.04375
0 0.991796875 0.06484375 0.01640625 0.071875
0 0.93515625 0.69375 0.078125 0.06953125
0 0.93125 0.27734375 0.059375 0.05859375
0 0.993359375 0.786328125 0.01328125 0.03515625
0 0.9796875 0.2484375 0.03359375 0.0328125
0 0.97578125 0.3828125 0.03046875 0.03359375
0 0.9484375 0.30859375 0.0453125 0.0421875
0 0.9140625 0.73828125 0.03515625 0.034375