0 0.4203125 0.2453125 0.0390625 0.0421875
0 0.592578125 0.40625 0.01484375 0.05625
0 0.57109375 0.356640625 0.0578125 0.05390625
0 0.24453125 0.4921875 0.05546875 0.065625
0 0.1171875 0.64375 0.0609375 0.0515625
0 0.17421875 0.03359375 0.04375 0.06484375
0 0.433203125 0.6609375 0.05078125 0.0171875
0 0.1921875 0.30234375 0.07265625 0.07734375
0 0.471875 0.03359375 0.03984375 0.040625
0 0.26015625 0.30390625 0.0578125 0.059375
0 0.440625 0.2625 0.07578125 0.071875
0 0.37421875 0.065625 0.0578125 0.05703125
0 0.3796875 0.06015625 0.03359375 0.0375
0 0.45078125 0.3734375 0.0453125 0.0421875
0 0.040625 0.64375 0.0609375 0.0515625
0 0.76640625 0.525 0.0640625 0.053125
0 0.8546875 0.33046875 0.05078125 0.05390625
0 0.828125 0.384375 0.059375 0.05703125
0 0.690625 0.30703125 0.0546875 0.05078125
0 0.68203125 0.39921875 0.06015625 0.05390625
0 0.72109375 0.33828125 0.03515625 0.03046875
0 0.69921875 0.44921875 0.0609375 0.05859375
0 0.7484375 0.509375 0.06796875 0.0546875
0 0.68046875 0.03515625 0.0328125 0.0296875
0 0.9859375 0.525 0.028125 0.053125
0 0.915625 0.33046875 0.05078125 0.05390625
0 0.9421875 0.384375 0.059375 0.05703125
0 0.99375 0.509375 0.0125 0.0546875
0 0.066796875 0.98046875 0.04765625 0.0390625
0 0.40859375 0.9890625 0.0609375 0.021875
0 0.12265625 0.74765625 0.0640625 0.05703125
0 0.34296875 0.980078125 0.065625 0.03984375
0 0.00625 0.934375 0.0125 0.05
0 0.38671875 0.825 0.0515625 0.0484375
0 0.56953125 0.9890625 0.0609375 0.021875
0 0.5828125 0.825 0.034375 0.0484375
0 0.78671875 0.78984375 0.0625 0.0640625
0 0.994140625 0.7890625 0.01171875 0.065625
0 0.809375 0.97265625 0.05234375 0.0515625
0 0.7859375 0.68046875 0.05625 0.021875
0 0.619140625 0.78984375 0.03828125 0.0640625
0 0.605078125 0.97265625 0.01015625 0.0515625
0 0.61796875 0.68046875 0.0359375 0.021875