0 0.3390625 0.1640625 0.04296875 0.046875
0 0.58984375 0.2609375 0.0546875 0.0453125
0 0.7484375 0.0328125 0.0734375 0.06328125
0 0.7234375 0.54765625 0.0765625 0.07890625
0 0.36875 0.0703125 0.07734375 0.084375
0 0.24765625 0.1125 0.04765625 0.0703125
0 0.29296875 0.37421875 0.04609375 0.05546875
0 0.6796875 0.159375 0.0390625 0.0359375
0 0.3859375 0.7328125 0.03515625 0.04375
0 0.403125 0.409375 0.07109375 0.06953125
0 0.33359375 0.5234375 0.075 0.06640625
0 0.36640625 0.42734375 0.053125 0.05
0 0.54453125 0.31640625 0.03359375 0.03046875
0 0.38984375 0.07578125 0.05234375 0.04453125
0 0.5171875 0.07265625 0.0671875 0.0703125
0 0.17109375 0.61015625 0.05859375 0.06015625
0 0.32734375 0.29765625 0.07109375 0.06796875
0 0.1640625 0.4390625 0.0578125 0.05703125
0 0.3515625 0.84765625 0.05 0.059375
0 0.27421875 0.3375 0.07578125 0.06015625
0 0.21953125 0.08984375 0.0296875 0.02890625
0 0.7171875 0.675 0.0265625 0.0234375
0 0.2234375 0.36875 0.0421875 0.0390625
0 0.6203125 0.121875 0.0390625 0.0390625
0 0.378125 0.77578125 0.0484375 0.0453125
0 0.7046875 0.68828125 0.05234375 0.0484375
0 0.982421875 0.032421875 0.03515625 0.06328125
0 0.012890625 0.1125 0.02578125 0.0703125
0 0.07890625 0.61015625 0.05859375 0.06015625
0 0.0859375 0.4390625 0.0578125 0.05703125
0 0.03046875 0.08984375 0.0296875 0.02890625
0 0.0265625 0.36875 0.0421875 0.0390625