0 0.40390625 0.2828125 0.040625 0.0453125
0 0.17734375 0.2234375 0.05078125 0.04375
0 0.5375 0.02421875 0.0671875 0.0484375
0 0.51171875 0.3 0.04765625 0.05234375
0 0.575390625 0.273046875 0.00859375 0.04140625
0 0.3984375 0.125 0.084375 0.0828125
0 0.383984375 0.00703125 0.06328125 0.0140625
0 0.53359375 0.2734375 0.05390625 0.0546875
0 0.06484375 0.2234375 0.05078125 0.04375
0 0.8734375 0.030078125 0.0828125 0.06015625
0 0.95 0.12421875 0.065625 0.0703125
0 0.86953125 0.346875 0.0734375 0.08046875
0 0.66796875 0.2953125 0.04375 0.03828125
0 0.7875 0.3703125 0.07109375 0.0671875
0 0.80546875 0.18046875 0.05859375 0.06015625
0 0.980078125 0.130078125 0.03984375 0.05703125
0 0.64375 0.246875 0.0328125 0.03125
0 0.74140625 0.3515625 0.0328125 0.0328125
0 0.6109375 0.090625 0.0609375 0.0578125
0 0.5296875 0.54765625 0.06796875 0.06953125
0 0.423828125 0.52265625 0.05546875 0.0265625
0 0.1578125 0.8109375 0.0484375 0.0421875
0 0.2515625 0.80078125 0.05390625 0.05078125
0 0.43515625 0.62890625 0.0453125 0.05546875
0 0.54453125 0.540625 0.0703125 0.0625
0 0.07734375 0.86640625 0.05546875 0.05625
0 0.446875 0.87265625 0.04296875 0.04453125
0 0.16640625 0.8578125 0.0609375 0.05859375
0 0.39765625 0.7828125 0.03984375 0.0390625
0 0.0140625 0.86640625 0.028125 0.05625
0 0.9421875 0.83203125 0.0578125 0.05078125
0 0.909375 0.75546875 0.065625 0.06796875
0 0.993359375 0.765234375 0.01328125 0.06796875
0 0.8578125 0.959375 0.04609375 0.0453125
0 0.69609375 0.80234375 0.0546875 0.05234375
0 0.65546875 0.9390625 0.046875 0.05703125
0 0.92890625 0.88515625 0.05234375 0.06328125
0 0.71015625 0.8359375 0.0609375 0.05703125
0 0.72109375 0.517578125 0.053125 0.01640625
0 0.7734375 0.62890625 0.05859375 0.05859375
0 0.81953125 0.95546875 0.05546875 0.04765625
0 0.66640625 0.993359375 0.0359375 0.01328125
0 0.71640625 0.85234375 0.07578125 0.071875
0 0.9828125 0.710546875 0.034375 0.06328125
0 0.91015625 0.75 0.0453125 0.0546875
0 0.78359375 0.519140625 0.053125 0.01953125