0 0.3640625 0.03984375 0.07578125 0.06328125
0 0.11640625 0.2765625 0.071875 0.0625
0 0.0625 0.26484375 0.0515625 0.05546875
0 0.01484375 0.200390625 0.0296875 0.03984375
0 0.01640625 0.18671875 0.0328125 0.0796875
0 0.06640625 0.15078125 0.071875 0.0703125
0 0.0734375 0.35625 0.06875 0.071875
0 0.21875 0.38125 0.0484375 0.046875
0 0.0046875 0.2015625 0.009375 0.05
0 0.403515625 0.17578125 0.01171875 0.0421875
0 0.403125 0.2875 0.0125 0.0328125
0 0.334375 0.03359375 0.03984375 0.0375
0 0.68046875 0.13359375 0.0765625 0.0640625
0 0.9078125 0.4453125 0.04375 0.0375
0 0.83984375 0.17421875 0.053125 0.07890625
0 0.8828125 0.38984375 0.05234375 0.05234375
0 0.8484375 0.1265625 0.05703125 0.06015625
0 0.86171875 0.37734375 0.0453125 0.0453125
0 0.78671875 0.48515625 0.065625 0.0625
0 0.93203125 0.3984375 0.0484375 0.05078125
0 0.9015625 0.18125 0.0453125 0.05234375
0 0.6640625 0.15390625 0.046875 0.05625
0 0.703125 0.121875 0.028125 0.02734375
0 0.22265625 0.70078125 0.04375 0.03828125
0 0.20703125 0.740625 0.0671875 0.06484375
0 0.024609375 0.867578125 0.04921875 0.07890625
0 0.03828125 0.625 0.0515625 0.0609375
0 0.32734375 0.92109375 0.08359375 0.0796875
0 0.09921875 0.95 0.06875 0.065625
0 0.17578125 0.61875 0.05390625 0.05078125
0 0.00546875 0.566015625 0.0109375 0.03203125
0 0.208984375 0.558984375 0.03828125 0.01796875
0 0.36171875 0.85234375 0.02578125 0.021875
0 0.5328125 0.60390625 0.06640625 0.0546875
0 0.55859375 0.675 0.05234375 0.04453125
0 0.991015625 0.691796875 0.01796875 0.05390625
0 0.70859375 0.569140625 0.0546875 0.03828125
0 0.425 0.610546875 0.03125 0.04140625