0 0.4109375 0.28125 0.07890625 0.08203125
0 0.65625 0.76875 0.06328125 0.06796875
0 0.31796875 0.65859375 0.0515625 0.059375
0 0.6234375 0.228125 0.05390625 0.05859375
0 0.625 0.63359375 0.06796875 0.065625
0 0.49453125 0.47578125 0.03125 0.03828125
0 0.396875 0.6125 0.03984375 0.0484375
0 0.3828125 0.575 0.07109375 0.06953125
0 0.1921875 0.57578125 0.04140625 0.0359375
0 0.3640625 0.70390625 0.0484375 0.05
0 0.35625 0.659375 0.06953125 0.06640625
0 0.55859375 0.36015625 0.05 0.05078125
0 0.68984375 0.3890625 0.059375 0.0578125
0 0.6 0.11640625 0.04375 0.053125
0 0.625 0.71875 0.02890625 0.02578125
0 0.78203125 0.68515625 0.0390625 0.04296875
0 0.56171875 0.05 0.03515625 0.0328125
0 0.50390625 0.73359375 0.025 0.025
0 0.57578125 0.728125 0.028125 0.02890625
0 0.0578125 0.57578125 0.04140625 0.0359375
0 0.96796875 0.68515625 0.0390625 0.04296875