0 0.2890625 0.2765625 0.0421875 0.05
0 0.036328125 0.071484375 0.07265625 0.07890625
0 0.4125 0.38828125 0.05078125 0.03125
0 0.2453125 0.14765625 0.04609375 0.04375
0 0.63828125 0.3046875 0.0390625 0.0421875
0 0.791796875 0.409375 0.06328125 0.040625
0 0.83125 0.03203125 0.0703125 0.0640625
0 0.68984375 0.09296875 0.03984375 0.040625
0 0.483203125 0.36328125 0.04765625 0.059375
0 0.65859375 0.321875 0.07578125 0.071875
0 0.5921875 0.125 0.0578125 0.05703125
0 0.90703125 0.328125 0.0625 0.0734375
0 0.59765625 0.11953125 0.03359375 0.0375
0 0.66875 0.420703125 0.0453125 0.01796875
0 0.25390625 0.85390625 0.075 0.0625
0 0.08046875 0.8421875 0.0625 0.0640625
0 0.32578125 0.88515625 0.0640625 0.0625
0 0.396875 0.64375 0.0578125 0.05
0 0.08828125 0.55703125 0.07109375 0.078125
0 0.3171875 0.7453125 0.06953125 0.0671875
0 0.328125 0.4640625 0.0421875 0.05078125
0 0.2546875 0.95078125 0.06953125 0.06796875
0 0.24921875 0.7 0.04609375 0.04609375
0 0.451953125 0.9328125 0.01484375 0.0359375
0 0.115625 0.48046875 0.03515625 0.0328125
0 0.024609375 0.8421875 0.04921875 0.0640625
0 0.02265625 0.55703125 0.0453125 0.078125
0 0.9421875 0.977734375 0.040625 0.04453125
0 0.675 0.73125 0.059375 0.0578125
0 0.5515625 0.9375 0.05078125 0.04765625
0 0.95859375 0.84921875 0.06640625 0.0640625
0 0.69609375 0.8484375 0.075 0.06640625
0 0.59765625 0.90078125 0.03984375 0.0375
0 0.54296875 0.82109375 0.05234375 0.0640625
0 0.74609375 0.76328125 0.0625 0.0609375
0 0.68203125 0.59453125 0.0671875 0.07109375
0 0.9546875 0.7515625 0.0671875 0.0640625
0 0.9359375 0.440234375 0.0328125 0.02109375
0 0.48203125 0.9265625 0.0453125 0.059375
0 0.9578125 0.65625 0.05234375 0.0421875
0 0.84296875 0.759375 0.0359375 0.040625
0 0.7640625 0.91328125 0.0453125 0.04375
0 0.59375 0.88046875 0.028125 0.025
0 0.875 0.85859375 0.0375 0.034375
0 0.725 0.5234375 0.0265625 0.0265625