0 0.72578125 0.878125 0.04296875 0.0375
0 0.74140625 0.9046875 0.0734375 0.0765625
0 0.30625 0.83359375 0.05234375 0.04453125
0 0.29296875 0.56328125 0.06328125 0.06015625
0 0.18359375 0.63125 0.03984375 0.04765625
0 0.5140625 0.72578125 0.04609375 0.05546875
0 0.3421875 0.634375 0.0453125 0.0421875
0 0.56171875 0.05625 0.0640625 0.06328125
0 0.3 0.5703125 0.08125 0.071875
0 0.74453125 0.8453125 0.034375 0.03125
0 0.2890625 0.6796875 0.04296875 0.0375
0 0.41328125 0.36328125 0.0546875 0.05625
0 0.63359375 0.91171875 0.05 0.05859375
0 0.3125 0.8625 0.04375 0.040625
0 0.2359375 0.6421875 0.0359375 0.03203125
0 0.71328125 0.75234375 0.034375 0.03203125
0 0.9859375 0.9046875 0.028125 0.0765625
0 0.06640625 0.63125 0.03984375 0.04765625
0 0.994140625 0.8453125 0.01171875 0.03125
0 0.016015625 0.641796875 0.03203125 0.03203125