0 0.1671875 0.21640625 0.0640625 0.053125
0 0.3453125 0.58671875 0.05703125 0.0484375
0 0.68203125 0.49453125 0.05703125 0.05859375
0 0.3046875 0.41015625 0.06484375 0.06953125
0 0.41328125 0.39765625 0.03828125 0.04453125
0 0.22734375 0.39453125 0.04296875 0.0421875
0 0.834375 0.35703125 0.05390625 0.04609375
0 0.29765625 0.65078125 0.06015625 0.0578125
0 0.7890625 0.43359375 0.06640625 0.0640625
0 0.41328125 0.36640625 0.03984375 0.05859375
0 0.275 0.5015625 0.0890625 0.0796875
0 0.1640625 0.05703125 0.046875 0.05703125
0 0.4484375 0.76953125 0.078125 0.06953125
0 0.5890625 0.3828125 0.03046875 0.028125
0 0.45078125 0.4015625 0.03984375 0.040625
0 0.42734375 0.15859375 0.0375 0.03125
0 0.82265625 0.540625 0.05703125 0.05546875
0 0.6484375 0.63359375 0.0296875 0.028125
0 0.7546875 0.2671875 0.06328125 0.03984375
0 0.53984375 0.65234375 0.040625 0.0375
0 0.27578125 0.78203125 0.02265625 0.02265625
0 0.0828125 0.21640625 0.0640625 0.053125
0 0.02265625 0.39453125 0.04296875 0.0421875
0 0.915625 0.35703125 0.05390625 0.04609375
0 0.9609375 0.43359375 0.06640625 0.0640625
0 0.009765625 0.5015625 0.01953125 0.0796875
0 0.0859375 0.05703125 0.046875 0.05703125
0 0.92734375 0.540625 0.05703125 0.05546875
0 0.981640625 0.266796875 0.03671875 0.03984375