0 0.16171875 0.20859375 0.03515625 0.03984375
0 0.07265625 0.19921875 0.04296875 0.0359375
0 0.225 0.20546875 0.0890625 0.0796875
0 0.2125 0.234375 0.06484375 0.06328125
0 0.30390625 0.0875 0.0578125 0.059375
0 0.3046875 0.15 0.05234375 0.0484375
0 0.14140625 0.31015625 0.034375 0.03359375
0 0.26484375 0.1828125 0.03984375 0.03828125
0 0.31328125 0.12421875 0.07578125 0.0703125
0 0.47890625 0.0875 0.0578125 0.059375
0 0.478125 0.15 0.05234375 0.0484375
0 0.503515625 0.182421875 0.01171875 0.03828125
0 0.46953125 0.12421875 0.07578125 0.0703125
0 0.60234375 0.35078125 0.053125 0.04765625
0 0.71484375 0.31875 0.02890625 0.02578125
0 0.3421875 0.68203125 0.03046875 0.03359375
0 0.2375 0.987890625 0.06875 0.02421875
0 0.43046875 0.50703125 0.06484375 0.06328125
0 0.33984375 0.82421875 0.053125 0.04609375
0 0.46953125 0.54453125 0.040625 0.03828125
0 0.3453125 0.7703125 0.0421875 0.03515625
0 0.48359375 0.469921875 0.0515625 0.04765625
0 0.87109375 0.73984375 0.05859375 0.0484375
0 0.92578125 0.7625 0.06328125 0.06796875
0 0.92890625 0.4890625 0.06484375 0.0703125
0 0.5515625 0.815625 0.05546875 0.0671875
0 0.90703125 0.48515625 0.03828125 0.04609375
0 0.7671875 0.69765625 0.0734375 0.078125
0 0.8921875 0.66328125 0.06328125 0.06328125
0 0.96640625 0.65234375 0.021875 0.01953125