0 0.6671875 0.33203125 0.071875 0.06015625
0 0.3890625 0.05 0.0375 0.03203125
0 0.38515625 0.38984375 0.05234375 0.05625
0 0.7203125 0.26171875 0.06328125 0.06875
0 0.70859375 0.50703125 0.065625 0.06328125
0 0.68046875 0.5671875 0.0359375 0.05390625
0 0.34921875 0.0984375 0.05234375 0.06328125
0 0.71328125 0.41015625 0.04453125 0.04140625
0 0.5625 0.66015625 0.0359375 0.04453125
0 0.7140625 0.4859375 0.04609375 0.04609375
0 0.66328125 0.50859375 0.05546875 0.053125
0 0.7984375 0.1296875 0.05703125 0.05
0 0.38515625 0.11328125 0.075 0.078125
0 0.76015625 0.91640625 0.06796875 0.06875
0 0.20625 0.10859375 0.0546875 0.05625
0 0.80859375 0.1328125 0.03984375 0.0375
0 0.284375 0.77734375 0.0625 0.059375
0 0.38515625 0.796875 0.04609375 0.0375
0 0.73984375 0.17265625 0.0234375 0.02265625
0 0.734375 0.23984375 0.034375 0.0390625
0 0.153125 0.121875 0.053125 0.0484375
0 0.5515625 0.53203125 0.025 0.02109375
0 0.3109375 0.390625 0.05390625 0.05
0 0.4328125 0.503125 0.0609375 0.05703125
0 0.9515625 0.1296875 0.05703125 0.05
0 0.977734375 0.91640625 0.04453125 0.06875
0 0.04375 0.10859375 0.0546875 0.05625
0 0.94140625 0.1328125 0.03984375 0.0375
0 0.096875 0.121875 0.053125 0.0484375