0 0.1875 0.0359375 0.05625 0.0671875
0 0.20234375 0.146875 0.0234375 0.02109375
0 0.21796875 0.25 0.04140625 0.0453125
0 0.115625 0.4375 0.0515625 0.046875
0 0.00546875 0.0234375 0.0109375 0.03125
0 0.8046875 0.36640625 0.06875 0.05703125
0 0.841796875 0.015625 0.06015625 0.03125
0 0.8578125 0.3125 0.065625 0.06796875
0 0.816796875 0.015625 0.07265625 0.03125
0 0.846875 0.01640625 0.0765625 0.0328125
0 0.76640625 0.24453125 0.0609375 0.05703125
0 0.725 0.159375 0.05390625 0.05546875
0 0.5671875 0.30390625 0.04765625 0.046875
0 0.88359375 0.08515625 0.04765625 0.03046875
0 0.69765625 0.44140625 0.03203125 0.03125
0 0.87734375 0.33515625 0.0546875 0.05078125
0 0.34921875 0.66328125 0.07890625 0.08203125
0 0.4328125 0.8578125 0.03125 0.03828125
0 0.334765625 0.98515625 0.03984375 0.0296875
0 0.32109375 0.95703125 0.07109375 0.06953125
0 0.13046875 0.9578125 0.04140625 0.0359375
0 0.008203125 0.9578125 0.01640625 0.0359375
0 0.5125 0.97265625 0.053125 0.04375
0 0.79609375 0.74765625 0.0640625 0.0546875
0 0.75390625 0.67109375 0.05859375 0.0609375
0 0.982421875 0.840625 0.03515625 0.0734375
0 0.56015625 0.50703125 0.046875 0.04375
0 0.5796875 0.58515625 0.0546875 0.0546875
0 0.765625 0.5484375 0.04765625 0.0296875
0 0.964453125 0.995703125 0.03203125 0.00859375
0 0.778125 0.93828125 0.0296875 0.03203125
0 0.60234375 0.95390625 0.0328125 0.03203125