0 0.1796875 0.3875 0.0484375 0.040625
0 0.29609375 0.30234375 0.0703125 0.06015625
0 0.30859375 0.27578125 0.05234375 0.05390625
0 0.209375 0.25703125 0.05546875 0.05234375
0 0.20234375 0.2234375 0.04765625 0.04453125
0 0.2125 0.432421875 0.0390625 0.03515625
0 0.19375 0.28984375 0.03828125 0.03515625
0 0.16484375 0.39140625 0.0453125 0.04296875
0 0.46796875 0.24375 0.065625 0.07109375
0 0.834375 0.30546875 0.0640625 0.06953125
0 0.4921875 0.059375 0.0703125 0.06328125
0 0.45234375 0.230078125 0.0453125 0.06328125
0 0.59375 0.3453125 0.040625 0.04609375
0 0.91875 0.03828125 0.03359375 0.03203125
0 0.54296875 0.33671875 0.0578125 0.0359375
0 0.56953125 0.1234375 0.06484375 0.06015625
0 0.0125 0.496484375 0.025 0.04296875
0 0.35234375 0.65078125 0.04765625 0.04140625
0 0.14921875 0.9328125 0.07109375 0.06796875
0 0.420703125 0.521484375 0.01796875 0.05078125
0 0.1140625 0.7921875 0.0828125 0.0875
0 0.0296875 0.466796875 0.059375 0.03359375
0 0.00859375 0.83671875 0.0171875 0.034375
0 0.80703125 0.73203125 0.06875 0.07109375
0 0.61640625 0.91328125 0.05234375 0.06015625
0 0.85703125 0.784375 0.05625 0.0546875
0 0.58046875 0.94453125 0.04375 0.05234375
0 0.7296875 0.8109375 0.06015625 0.05390625
0 0.6921875 0.85 0.05703125 0.06953125
0 0.5828125 0.90390625 0.06328125 0.05625
0 0.528125 0.8234375 0.0671875 0.0703125
0 0.5515625 0.90859375 0.053125 0.05390625
0 0.8796875 0.52109375 0.03046875 0.034375
0 0.52109375 0.70234375 0.0390625 0.0421875
0 0.57578125 0.934375 0.034375 0.03203125