0 0.74765625 0.3125 0.0453125 0.0484375
0 0.4453125 0.72109375 0.065625 0.06484375
0 0.43203125 0.9109375 0.04296875 0.0375
0 0.7015625 0.6328125 0.0765625 0.0828125
0 0.29609375 0.675 0.0484375 0.04609375
0 0.55703125 0.675 0.04765625 0.0453125
0 0.7203125 0.1328125 0.05 0.07265625
0 0.72109375 0.32578125 0.08046875 0.071875
0 0.1703125 0.76796875 0.05546875 0.06640625
0 0.7234375 0.4328125 0.0515625 0.06328125
0 0.79375 0.6515625 0.0765625 0.06796875
0 0.45703125 0.88203125 0.05859375 0.05859375
0 0.4046875 0.75625 0.03515625 0.03203125
0 0.8328125 0.5078125 0.07109375 0.06796875
0 0.665625 0.1515625 0.040625 0.04140625
0 0.7765625 0.4 0.053125 0.0546875
0 0.4109375 0.4421875 0.040625 0.0453125
0 0.7296875 0.2359375 0.05 0.04765625
0 0.55859375 0.48359375 0.0765625 0.0609375
0 0.4484375 0.89921875 0.0625 0.0390625
0 0.50703125 0.41171875 0.05546875 0.05234375
0 0.73359375 0.1234375 0.08203125 0.07734375
0 0.98984375 0.3125 0.0203125 0.0484375
0 0.0796875 0.76796875 0.05546875 0.06640625
0 0.95625 0.6515625 0.0765625 0.06796875
0 0.9171875 0.5078125 0.07109375 0.06796875
0 0.9734375 0.4 0.053125 0.0546875
0 0.9875 0.123046875 0.025 0.07734375