0 0.20546875 0.22421875 0.0765625 0.07890625
0 0.026171875 0.00390625 0.03359375 0.0078125
0 0.19921875 0.3515625 0.0265625 0.0234375
0 0.18671875 0.36484375 0.05234375 0.0484375
0 0.7140625 0.5 0.07890625 0.08203125
0 0.79375 0.5 0.05 0.0734375
0 0.7296875 0.1546875 0.0453125 0.0421875
0 0.4984375 0.328125 0.0578125 0.05703125
0 0.59296875 0.12890625 0.059375 0.05625
0 0.69296875 0.48046875 0.08203125 0.0859375
0 0.79921875 0.49296875 0.05078125 0.05234375
0 0.71328125 0.5078125 0.0640625 0.0609375
0 0.4859375 0.12890625 0.04453125 0.05390625
0 0.8375 0.12265625 0.05234375 0.0421875
0 0.51484375 0.12109375 0.034375 0.03125
0 0.91875 0.42734375 0.0265625 0.02890625
0 0.803125 0.54140625 0.0265625 0.02265625
0 0.015234375 0.6109375 0.03046875 0.0453125
0 0.10078125 0.91796875 0.04453125 0.04296875
0 0.10625 0.771875 0.0359375 0.04375
0 0.430078125 0.755859375 0.03984375 0.05390625
0 0.13203125 0.7734375 0.0640625 0.06015625
0 0.3640625 0.8390625 0.034375 0.03125
0 0.3953125 0.7421875 0.053125 0.053125
0 0.08671875 0.771875 0.05859375 0.05546875
0 0.3796875 0.83828125 0.05859375 0.05625
0 0.16796875 0.975390625 0.065625 0.04921875
0 0.03828125 0.83828125 0.06328125 0.03984375
0 0.3890625 0.95546875 0.02890625 0.028125
0 0.037890625 0.78046875 0.07578125 0.0734375
0 0.93046875 0.725 0.05625 0.0484375
0 0.93203125 0.7515625 0.06015625 0.0578125
0 0.9359375 0.74921875 0.08984375 0.0796875
0 0.89453125 0.9359375 0.03828125 0.03203125
0 0.7390625 0.8234375 0.05859375 0.046875