0 0.753125 0.75390625 0.078125 0.065625
0 0.8453125 0.61640625 0.05625 0.04765625
0 0.2171875 0.66328125 0.04453125 0.0390625
0 0.346875 0.72578125 0.0796875 0.08203125
0 0.29765625 0.646875 0.05703125 0.0625
0 0.853125 0.67578125 0.040625 0.059375
0 0.48046875 0.41484375 0.034375 0.0421875
0 0.1734375 0.1328125 0.04375 0.05390625
0 0.49375 0.696875 0.0609375 0.059375
0 0.56328125 0.8734375 0.07734375 0.06875
0 0.24609375 0.1953125 0.0609375 0.0609375
0 0.28984375 0.04453125 0.065625 0.05625
0 0.8140625 0.7765625 0.07734375 0.08125
0 0.31640625 0.04375 0.04765625 0.04765625
0 0.83046875 0.39609375 0.04609375 0.04296875
0 0.4984375 0.7796875 0.04375 0.05078125
0 0.4765625 0.47421875 0.03984375 0.03359375
0 0.2109375 0.14609375 0.04765625 0.05703125
0 0.25859375 0.22734375 0.028125 0.0265625
0 0.6171875 0.75 0.02734375 0.025
0 0.6390625 0.15703125 0.0375 0.04140625
0 0.97890625 0.75390625 0.0421875 0.065625
0 0.9046875 0.61640625 0.05625 0.04765625
0 0.0328125 0.66328125 0.04453125 0.0390625
0 0.896875 0.67578125 0.040625 0.059375
0 0.0765625 0.1328125 0.04375 0.05390625
0 0.0171875 0.1953125 0.034375 0.0609375
0 0.9359375 0.7765625 0.07734375 0.08125
0 0.91953125 0.39609375 0.04609375 0.04296875
0 0.0390625 0.14609375 0.04765625 0.05703125