0 0.11796875 0.2921875 0.02734375 0.0296875
0 0.196875 0.08671875 0.071875 0.0625
0 0.2765625 0.36015625 0.075 0.07734375
0 0.024609375 0.306640625 0.04921875 0.07734375
0 0.203125 0.08984375 0.0453125 0.05625
0 0.218359375 0.011328125 0.05703125 0.02265625
0 0.11015625 0.2140625 0.028125 0.02578125
0 0.3546875 0.29296875 0.03515625 0.0390625
0 0.321875 0.25234375 0.04140625 0.040625
0 0.194140625 0.013671875 0.03984375 0.02734375
0 0.3390625 0.45625 0.0640625 0.059375
0 0.84765625 0.34453125 0.05546875 0.04609375
0 0.88046875 0.542578125 0.0515625 0.03359375
0 0.878125 0.215625 0.06328125 0.07578125
0 0.626953125 0.01796875 0.06953125 0.0359375
0 0.81484375 0.549609375 0.059375 0.01953125
0 0.698828125 0.00703125 0.02578125 0.0140625
0 0.548828125 0.01796875 0.06953125 0.0359375
0 0.02578125 0.687109375 0.0515625 0.04765625
0 0.17734375 0.7484375 0.0671875 0.06953125
0 0.46640625 0.616015625 0.046875 0.07734375
0 0.18671875 0.9671875 0.0609375 0.065625
0 0.2171875 0.62578125 0.059375 0.05234375
0 0.3234375 0.7984375 0.0484375 0.04609375
0 0.3578125 0.73203125 0.03046875 0.02578125
0 0.4171875 0.78125 0.0765625 0.07265625
0 0.07109375 0.578515625 0.0703125 0.03828125
0 0.71640625 0.9046875 0.05859375 0.06953125
0 0.68671875 0.69765625 0.0453125 0.04453125
0 0.796875 0.66796875 0.07578125 0.08203125
0 0.94453125 0.678125 0.078125 0.06953125
0 0.97109375 0.9390625 0.0421875 0.0515625
0 0.8421875 0.94609375 0.08125 0.0796875
0 0.77265625 0.8640625 0.078125 0.06953125
0 0.878125 0.9140625 0.04453125 0.0453125
0 0.61171875 0.60625 0.03203125 0.0359375
0 0.95546875 0.87578125 0.07734375 0.0625
0 0.73984375 0.809375 0.0515625 0.046875