0 0.26953125 0.011328125 0.040625 0.02265625
0 0.48125 0.014453125 0.078125 0.02890625
0 0.31015625 0.32265625 0.04375 0.0375
0 0.376953125 0.021484375 0.04765625 0.04296875
0 0.453515625 0.00546875 0.03359375 0.0109375
0 0.66875 0.355859375 0.0625 0.06953125
0 0.36015625 0.32890625 0.03203125 0.0296875
0 0.398828125 0.008984375 0.05390625 0.01796875
0 0.24609375 0.5578125 0.0734375 0.0703125
0 0.48671875 0.4296875 0.0625 0.05
0 0.596875 0.44921875 0.05625 0.03515625
0 0.6359375 0.0453125 0.03046875 0.03359375
0 0.68984375 0.40078125 0.0203125 0.034375
0 0.48984375 0.27734375 0.0265625 0.0265625
0 0.7484375 0.18359375 0.05078125 0.05078125
0 0.8375 0.3 0.0359375 0.0375
0 0.18203125 0.91484375 0.0765625 0.065625
0 0.165625 0.70625 0.04296875 0.0375
0 0.44296875 0.8453125 0.05078125 0.0484375
0 0.16328125 0.77734375 0.04296875 0.05234375
0 0.455859375 0.62109375 0.05078125 0.0421875
0 0.5875 0.846875 0.0625 0.05546875
0 0.17109375 0.875 0.0484375 0.0484375
0 0.5484375 0.62265625 0.053125 0.0453125
0 0.371875 0.85078125 0.03203125 0.03125
0 0.43203125 0.81640625 0.0390625 0.03828125
0 0.0125 0.91484375 0.025 0.065625
0 0.012109375 0.70625 0.02421875 0.0375
0 0.01328125 0.776953125 0.0265625 0.05234375
0 0.0109375 0.875 0.021875 0.0484375
0 0.93671875 0.74296875 0.0703125 0.06015625
0 0.90859375 0.965234375 0.0671875 0.06953125
0 0.97578125 0.937109375 0.0484375 0.05390625