0 0.2 0.68203125 0.07578125 0.06484375
0 0.15390625 0.37890625 0.04140625 0.03515625
0 0.1859375 0.7328125 0.0671875 0.071875
0 0.4421875 0.29453125 0.040625 0.046875
0 0.3796875 0.3640625 0.06015625 0.05234375
0 0.2140625 0.91796875 0.05859375 0.05625
0 0.16953125 0.5234375 0.0578125 0.05390625
0 0.1625 0.08203125 0.0546875 0.05390625
0 0.215625 0.821875 0.04765625 0.04765625
0 0.409375 0.45390625 0.05859375 0.0609375
0 0.734375 0.3375 0.0703125 0.0671875
0 0.33125 0.49609375 0.06015625 0.06328125
0 0.2 0.86640625 0.02734375 0.02265625
0 0.721875 0.48515625 0.05234375 0.05
0 0.37421875 0.4046875 0.0625 0.0734375
0 0.19296875 0.55234375 0.028125 0.02734375
0 0.8296875 0.48515625 0.03125 0.03046875
0 0.68828125 0.359375 0.02734375 0.0234375
0 0.31640625 0.57265625 0.03828125 0.03515625
0 0.05 0.68203125 0.07578125 0.06484375
0 0.09609375 0.37890625 0.04140625 0.03515625
0 0.0640625 0.7328125 0.0671875 0.071875
0 0.0359375 0.91796875 0.05859375 0.05625
0 0.08046875 0.5234375 0.0578125 0.05390625
0 0.0875 0.08203125 0.0546875 0.05390625
0 0.034375 0.821875 0.04765625 0.04765625
0 0.990234375 0.3375 0.01953125 0.0671875
0 0.05 0.86640625 0.02734375 0.02265625
0 0.05703125 0.55234375 0.028125 0.02734375
0 0.9203125 0.48515625 0.03125 0.03046875