0 0.359375 0.209375 0.04296875 0.046875
0 0.10078125 0.2515625 0.0484375 0.04140625
0 0.2265625 0.15625 0.0734375 0.0796875
0 0.31796875 0.2375 0.04609375 0.0546875
0 0.31171875 0.2234375 0.05625 0.05390625
0 0.49296875 0.19453125 0.04609375 0.05546875
0 0.72421875 0.2984375 0.0671875 0.0640625
0 0.190625 0.42265625 0.04765625 0.0421875
0 0.205078125 0.370703125 0.04140625 0.04140625
0 0.27109375 0.6 0.04765625 0.0578125
0 0.15078125 0.66875 0.046875 0.04375
0 0.25 0.834375 0.046875 0.0578125
0 0.2796875 0.89140625 0.05546875 0.04765625
0 0.24765625 0.71640625 0.05 0.0515625
0 0.371875 0.6125 0.05234375 0.0515625
0 0.37265625 0.565625 0.0359375 0.03515625
0 0.4296875 0.6515625 0.0390625 0.0421875
0 0.021875 0.42265625 0.04375 0.0421875
0 0.012890625 0.370703125 0.02578125 0.04140625
0 0.06015625 0.66875 0.046875 0.04375
0 0.790625 0.57890625 0.06875 0.05703125
0 0.84375 0.525 0.065625 0.06796875
0 0.68671875 0.7359375 0.0421875 0.05
0 0.77890625 0.82421875 0.05078125 0.075
0 0.675 0.94296875 0.05078125 0.06015625
0 0.9109375 0.9765625 0.0609375 0.046875
0 0.75234375 0.45703125 0.0609375 0.05703125
0 0.8859375 0.95703125 0.0578125 0.0703125
0 0.55703125 0.823046875 0.075 0.07578125
0 0.60390625 0.84296875 0.05390625 0.05625
0 0.710546875 0.374609375 0.05390625 0.04921875
0 0.553125 0.51640625 0.04765625 0.046875
0 0.68359375 0.65390625 0.03203125 0.03125
0 0.86328125 0.54765625 0.0546875 0.05078125
0 0.8203125 0.81640625 0.0234375 0.0234375