0 0.341015625 0.01640625 0.05234375 0.0328125
0 0.2703125 0.2609375 0.0640625 0.0609375
0 0.2546875 0.33203125 0.04765625 0.05859375
0 0.21015625 0.05859375 0.04375 0.04375
0 0.403515625 0.0828125 0.03203125 0.046875
0 0.21953125 0.1 0.05078125 0.05234375
0 0.36953125 0.4265625 0.03984375 0.0359375
0 0.170703125 0.458203125 0.05078125 0.02265625
0 0.23515625 0.05859375 0.05703125 0.04609375
0 0.40625 0.078515625 0.0265625 0.02578125
0 0.03515625 0.1265625 0.04765625 0.0296875
0 0.11015625 0.3125 0.06328125 0.05859375
0 0.67890625 0.35234375 0.059375 0.0625
0 0.7375 0.11484375 0.0484375 0.04765625
0 0.439453125 0.451953125 0.03984375 0.03515625
0 0.76953125 0.165625 0.0515625 0.06328125
0 0.640625 0.3171875 0.05078125 0.05078125
0 0.86875 0.25859375 0.04609375 0.04296875
0 0.54765625 0.13515625 0.03828125 0.03203125
0 0.5296875 0.35390625 0.0546875 0.065625
0 0.7546875 0.29609375 0.03046875 0.03046875
0 0.9234375 0.25859375 0.04609375 0.04296875
0 0.408203125 0.7828125 0.02265625 0.075
0 0.21953125 0.5484375 0.05546875 0.06796875
0 0.22578125 0.93515625 0.06953125 0.06796875
0 0.25 0.57890625 0.0625 0.03984375
0 0.25625 0.615625 0.028125 0.028125
0 0.284375 0.94375 0.06328125 0.05859375
0 0.02265625 0.548046875 0.0453125 0.06796875
0 0.023046875 0.934765625 0.04609375 0.06796875
0 0.009375 0.578515625 0.01875 0.03984375
0 0.576171875 0.5015625 0.07734375 0.0640625
0 0.98671875 0.8390625 0.0265625 0.046875
0 0.9609375 0.7625 0.05 0.0734375
0 0.925 0.4796875 0.0515625 0.0203125
0 0.49609375 0.986328125 0.05625 0.02734375
0 0.6671875 0.7265625 0.0734375 0.06640625
0 0.8453125 0.56328125 0.06953125 0.06640625
0 0.715625 0.4890625 0.0515625 0.0390625
0 0.4734375 0.5125 0.03359375 0.03203125
0 0.98046875 0.67578125 0.03046875 0.02734375
0 0.53828125 0.89765625 0.0484375 0.04453125
0 0.6125 0.73828125 0.0265625 0.0265625