0 0.23359375 0.065625 0.0359375 0.040625
0 0.46875 0.2546875 0.05390625 0.0515625
0 0.45703125 0.04765625 0.04375 0.0421875
0 0.02890625 0.303125 0.04609375 0.06796875
0 0.2734375 0.5921875 0.04453125 0.05390625
0 0.44921875 0.12265625 0.08046875 0.07890625
0 0.5078125 0.215625 0.05390625 0.05078125
0 0.11328125 0.346875 0.059375 0.059375
0 0.3890625 0.1765625 0.05859375 0.059375
0 0.44375 0.24296875 0.03984375 0.0453125
0 0.26328125 0.578125 0.06640625 0.053125
0 0.11796875 0.37890625 0.046875 0.0296875
0 0.45859375 0.1234375 0.0765625 0.07109375
0 0.990234375 0.34453125 0.01953125 0.0625
0 0.6265625 0.09765625 0.05703125 0.05625
0 0.987109375 0.210546875 0.02578125 0.08046875
0 0.7375 0.4296875 0.0703125 0.06328125
0 0.941015625 0.010546875 0.06328125 0.02109375
0 0.8765625 0.4703125 0.08515625 0.08046875
0 0.709375 0.34609375 0.02265625 0.0203125
0 0.63515625 0.53125 0.07890625 0.08203125
0 0.579296875 0.523828125 0.01953125 0.05703125
0 0.85234375 0.034375 0.040625 0.0421875
0 0.73828125 0.33984375 0.0671875 0.05390625
0 0.73125 0.415625 0.028125 0.02578125
0 0.49375 0.71171875 0.07734375 0.0640625
0 0.403125 0.97890625 0.0578125 0.0421875
0 0.37734375 0.871875 0.0703125 0.07578125
0 0.48828125 0.93984375 0.0703125 0.06328125
0 0.4296875 0.9578125 0.04609375 0.05625
0 0.41171875 0.73671875 0.0890625 0.07890625
0 0.23828125 0.959375 0.07578125 0.06015625
0 0.559375 0.879296875 0.0203125 0.02578125
0 0.97265625 0.889453125 0.0546875 0.06328125
0 0.7109375 0.72578125 0.0421875 0.0515625
0 0.76328125 0.74765625 0.05625 0.05234375
0 0.91171875 0.72890625 0.08125 0.0796875
0 0.9703125 0.958984375 0.059375 0.06640625
0 0.88125 0.9890625 0.0484375 0.021875
0 0.86875 0.90859375 0.0453125 0.04609375
0 0.7796875 0.975 0.04453125 0.04609375
0 0.7640625 0.72578125 0.025 0.02578125