0 0.41484375 0.8328125 0.0609375 0.06015625
0 0.6390625 0.79296875 0.0671875 0.06484375
0 0.4140625 0.4828125 0.040625 0.06015625
0 0.228125 0.32265625 0.059375 0.053125
0 0.7359375 0.62265625 0.08046875 0.0765625
0 0.75390625 0.6453125 0.059375 0.06015625
0 0.17734375 0.2421875 0.0515625 0.04765625
0 0.66953125 0.68125 0.059375 0.0609375
0 0.4265625 0.6578125 0.0453125 0.05234375
0 0.27578125 0.3515625 0.04765625 0.0453125
0 0.4078125 0.834375 0.06640625 0.065625
0 0.68828125 0.04609375 0.05625 0.0671875
0 0.25859375 0.3328125 0.03125 0.02890625
0 0.50859375 0.66015625 0.034375 0.0328125
0 0.703125 0.15703125 0.0234375 0.02109375
0 0.71875 0.26015625 0.04140625 0.0453125
0 0.61640625 0.44765625 0.0515625 0.046875
0 0.49453125 0.03359375 0.03515625 0.03125
0 0.15390625 0.30703125 0.040625 0.03828125
0 0.76015625 0.57890625 0.08203125 0.0765625
0 0.02578125 0.32265625 0.0515625 0.053125
0 0.98671875 0.62265625 0.0265625 0.0765625
0 0.983203125 0.644921875 0.03359375 0.06015625
0 0.07265625 0.2421875 0.0515625 0.04765625
0 0.003515625 0.332421875 0.00703125 0.02890625
0 0.09609375 0.30703125 0.040625 0.03828125
0 0.97421875 0.57890625 0.0515625 0.0765625