0 0.1046875 0.22109375 0.0578125 0.059375
0 0.23359375 0.3859375 0.0671875 0.071875
0 0.32734375 0.49609375 0.0421875 0.040625
0 0.4125 0.18359375 0.05078125 0.06015625
0 0.290625 0.56484375 0.053125 0.05
0 0.51953125 0.4296875 0.046875 0.05703125
0 0.171875 0.11171875 0.05234375 0.05234375
0 0.58359375 0.1703125 0.06875 0.071875
0 0.29140625 0.228125 0.04453125 0.04453125
0 0.3453125 0.10859375 0.05859375 0.059375
0 0.4171875 0.03515625 0.05703125 0.05859375
0 0.25859375 0.28359375 0.03203125 0.02734375
0 0.11796875 0.0640625 0.06640625 0.06328125
0 0.28515625 0.30625 0.07265625 0.0578125
0 0.5640625 0.07265625 0.046875 0.04375
0 0.33125 0.12734375 0.034375 0.034375
0 0.82109375 0.13515625 0.05390625 0.06484375
0 0.89609375 0.1765625 0.08203125 0.0734375
0 0.86796875 0.16015625 0.07109375 0.075
0 0.86640625 0.10703125 0.05859375 0.05625
0 0.719140625 0.134765625 0.01953125 0.06484375
0 0.4328125 0.76328125 0.05546875 0.05390625
0 0.5234375 0.82109375 0.0546875 0.08046875
0 0.1890625 0.71640625 0.04609375 0.05546875
0 0.4828125 0.9625 0.0484375 0.04609375
0 0.0609375 0.88515625 0.0546875 0.065625
0 0.0328125 0.82265625 0.05 0.03984375
0 0.683203125 0.820703125 0.05234375 0.08046875
0 0.705078125 0.962109375 0.00859375 0.04609375
0 0.8421875 0.76328125 0.0359375 0.05390625
0 0.83671875 0.67734375 0.0765625 0.08046875
0 0.92421875 0.71015625 0.0625 0.05859375