0 0.31328125 0.05 0.02734375 0.0296875
0 0.1546875 0.0796875 0.07109375 0.059375
0 0.613671875 0.0421875 0.03203125 0.0671875
0 0.475390625 0.519140625 0.04296875 0.02109375
0 0.5875 0.2359375 0.04453125 0.0375
0 0.55859375 0.43203125 0.0578125 0.06953125
0 0.599609375 0.516015625 0.04453125 0.02734375
0 0.0703125 0.0796875 0.07109375 0.059375
0 0.981640625 0.048828125 0.03671875 0.04140625
0 0.9515625 0.04609375 0.046875 0.05703125
0 0.87109375 0.02265625 0.0484375 0.0453125
0 0.87109375 0.09140625 0.07734375 0.07578125
0 0.96328125 0.496875 0.0734375 0.065625
0 0.9421875 0.1390625 0.034375 0.03984375
0 0.96484375 0.05703125 0.04765625 0.03828125
0 0.5171875 0.59921875 0.075 0.0625
0 0.459375 0.85625 0.06484375 0.0671875
0 0.34921875 0.91640625 0.0375 0.0453125
0 0.17421875 0.85859375 0.08828125 0.078125
0 0.371484375 0.9875 0.03984375 0.025
0 0.10078125 0.96171875 0.05390625 0.046875
0 0.1546875 0.85703125 0.07578125 0.0796875
0 0.2703125 0.6703125 0.03828125 0.03984375
0 0.04609375 0.980078125 0.040625 0.03984375
0 0.3625 0.67109375 0.034375 0.03203125
0 0.86640625 0.73984375 0.0875 0.078125
0 0.98203125 0.72734375 0.0359375 0.0640625