0 0.4359375 0.13828125 0.03515625 0.03984375
0 0.320703125 0.510546875 0.04140625 0.01796875
0 0.428125 0.46640625 0.059375 0.05234375
0 0.27421875 0.178125 0.0328125 0.0375
0 0.430078125 0.51015625 0.07578125 0.01875
0 0.4328125 0.40078125 0.02734375 0.028125
0 0.7359375 0.32109375 0.053125 0.0640625
0 0.84140625 0.10078125 0.05390625 0.0515625
0 0.995703125 0.485546875 0.00859375 0.03203125
0 0.615625 0.32109375 0.053125 0.0640625
0 0.39609375 0.73515625 0.04765625 0.05234375
0 0.27109375 0.88828125 0.06796875 0.06640625
0 0.258984375 0.99453125 0.04296875 0.0109375
0 0.3140625 0.853125 0.071875 0.0703125
0 0.25703125 0.55546875 0.0828125 0.071875
0 0.38046875 0.7828125 0.06640625 0.06328125
0 0.5671875 0.627734375 0.025 0.08359375
0 0.40546875 0.76875 0.04765625 0.04765625
0 0.5390625 0.95546875 0.0609375 0.05859375
0 0.525 0.965625 0.06875 0.05546875
0 0.2875 0.9796875 0.0265625 0.0234375
0 0.5265625 0.865625 0.0296875 0.03203125
0 0.5046875 0.6 0.0234375 0.0234375
0 0.325 0.96796875 0.03046875 0.03046875
0 0.78515625 0.6578125 0.04609375 0.03984375
0 0.973828125 0.537890625 0.05234375 0.03671875
0 0.9703125 0.66640625 0.04609375 0.03984375
0 0.64375 0.96328125 0.04375 0.04140625
0 0.72421875 0.61484375 0.05 0.05078125
0 0.77265625 0.959375 0.04453125 0.04375
0 0.809375 0.7625 0.03203125 0.03125
0 0.79921875 0.86171875 0.0390625 0.03828125
0 0.6375 0.91875 0.05234375 0.0484375