0 0.48515625 0.3625 0.0359375 0.040625
0 0.2171875 0.0859375 0.0671875 0.05703125
0 0.78125 0.2765625 0.05625 0.0546875
0 0.1984375 0.5875 0.075 0.08125
0 0.7203125 0.5515625 0.05390625 0.0515625
0 0.70859375 0.34453125 0.04375 0.0421875
0 0.28046875 0.6 0.04609375 0.06796875
0 0.525 0.8890625 0.04453125 0.05390625
0 0.70078125 0.41953125 0.08046875 0.07890625
0 0.759375 0.5125 0.05390625 0.05078125
0 0.221875 0.1796875 0.053125 0.04609375
0 0.36484375 0.64375 0.059375 0.059375
0 0.640625 0.4734375 0.05859375 0.059375
0 0.6953125 0.53984375 0.03984375 0.0453125
0 0.51484375 0.875 0.06640625 0.053125
0 0.36953125 0.67578125 0.046875 0.0296875
0 0.68828125 0.21015625 0.03359375 0.0296875
0 0.71015625 0.4203125 0.0765625 0.07109375
0 0.033203125 0.085546875 0.06640625 0.05703125
0 0.96875 0.2765625 0.05625 0.0546875
0 0.0515625 0.5875 0.075 0.08125
0 0.981640625 0.512109375 0.03671875 0.05078125
0 0.028125 0.1796875 0.053125 0.04609375