0 0.106640625 0.58984375 0.04609375 0.0390625
0 0.016796875 0.2359375 0.03359375 0.05625
0 0.69609375 0.07421875 0.05234375 0.0625
0 0.83125 0.0390625 0.053125 0.065625
0 0.62421875 0.42109375 0.0578125 0.05234375
0 0.83125 0.071875 0.07890625 0.0828125
0 0.8171875 0.30859375 0.0484375 0.04609375
0 0.47109375 0.130859375 0.0234375 0.05078125
0 0.8546875 0.27578125 0.02890625 0.0265625
0 0.67109375 0.09453125 0.05625 0.05234375
0 0.9265625 0.0390625 0.053125 0.065625
0 0.9265625 0.071875 0.07890625 0.0828125
0 0.940625 0.30859375 0.0484375 0.04609375
0 0.903125 0.27578125 0.02890625 0.0265625
0 0.017578125 0.98515625 0.03515625 0.0296875
0 0.01796875 0.936328125 0.0359375 0.05078125
0 0.8578125 0.68046875 0.04765625 0.05234375
0 0.7328125 0.83359375 0.06796875 0.06640625
0 0.819140625 0.979296875 0.05390625 0.04140625
0 0.73203125 0.973828125 0.0359375 0.05234375
0 0.72109375 0.9609375 0.04296875 0.05234375
0 0.77578125 0.7984375 0.071875 0.0703125
0 0.8421875 0.728125 0.06640625 0.06328125
0 0.8671875 0.7140625 0.04765625 0.04765625
0 0.98515625 0.900390625 0.0296875 0.05859375
0 0.976171875 0.910546875 0.04765625 0.05546875
0 0.74921875 0.925 0.0265625 0.0234375
0 0.98671875 0.810546875 0.0265625 0.03203125
0 0.78671875 0.91328125 0.03046875 0.03046875