0 0.30859375 0.57109375 0.078125 0.065625
0 0.0359375 0.23203125 0.034375 0.0421875
0 0.04921875 0.5140625 0.0609375 0.059375
0 0.35 0.59375 0.0390625 0.08125
0 0.05390625 0.596875 0.04375 0.05078125
0 0.03203125 0.29140625 0.03984375 0.03359375
0 0.17265625 0.5671875 0.02734375 0.025
0 0.69140625 0.30625 0.0578125 0.04765625
0 0.51640625 0.50703125 0.04609375 0.0453125
0 0.62578125 0.35 0.05 0.046875
0 0.70234375 0.48515625 0.059375 0.05703125
0 0.94765625 0.225 0.053125 0.0640625
0 0.64765625 0.14765625 0.0671875 0.06015625
0 0.4609375 0.59296875 0.046875 0.046875
0 0.90078125 0.428125 0.0546875 0.0546875
0 0.4515625 0.303125 0.02890625 0.02734375
0 0.55546875 0.50390625 0.0625 0.0390625
0 0.8859375 0.26328125 0.02578125 0.025
0 0.77578125 0.23125 0.04765625 0.04375
0 0.90078125 0.60546875 0.02265625 0.0203125
0 0.5546875 0.33984375 0.05078125 0.046875
0 0.49765625 0.56484375 0.03515625 0.0359375
0 0.7984375 0.32890625 0.06484375 0.059375
0 0.388671875 0.59296875 0.03828125 0.046875
0 0.39375 0.303125 0.02890625 0.02734375
0 0.114453125 0.990234375 0.05390625 0.01953125
0 0.655859375 0.684375 0.08359375 0.05
0 0.7046875 0.7171875 0.0328125 0.0328125