0 0.3140625 0.33359375 0.07578125 0.06328125
0 0.06640625 0.5703125 0.071875 0.0625
0 0.019140625 0.558203125 0.03828125 0.05546875
0 0.43828125 0.54375 0.0421875 0.05625
0 0.38125 0.4578125 0.05390625 0.06484375
0 0.026171875 0.44453125 0.05234375 0.0703125
0 0.16953125 0.15703125 0.0859375 0.07734375
0 0.0546875 0.24296875 0.0515625 0.05234375
0 0.39375 0.01953125 0.034375 0.03828125
0 0.3703125 0.46953125 0.0453125 0.0421875
0 0.3640625 0.58125 0.03359375 0.0328125
0 0.284375 0.32734375 0.03984375 0.0375
0 0.44296875 0.251171875 0.0328125 0.07265625
0 0.983203125 0.0390625 0.03359375 0.0515625
0 0.9765625 0.094921875 0.046875 0.05390625
0 0.93359375 0.12109375 0.040625 0.0390625
0 0.8234375 0.10078125 0.046875 0.06953125
0 0.96171875 0.2921875 0.06328125 0.05625
0 0.6796875 0.140625 0.05234375 0.05234375
0 0.9296875 0.30703125 0.04453125 0.0453125
0 0.92265625 0.165625 0.0515625 0.04140625
0 0.76015625 0.26796875 0.03203125 0.03125
0 0.359375 0.979296875 0.0640625 0.04140625
0 0.1265625 0.94296875 0.06875 0.065625
0 0.29140625 0.80546875 0.04609375 0.05546875
0 0.439453125 0.81953125 0.03984375 0.0625
0 0.36640625 0.7515625 0.034375 0.03203125
0 0.68046875 0.8890625 0.0328125 0.0359375
0 0.5296875 0.77578125 0.0375 0.04296875
0 0.6609375 0.9296875 0.05703125 0.06875
0 0.68203125 0.84296875 0.028125 0.02578125
0 0.60859375 0.871875 0.059375 0.06015625
0 0.7171875 0.8171875 0.05390625 0.05546875