0 0.33515625 0.1875 0.0453125 0.0484375
0 0.0328125 0.59609375 0.065625 0.06484375
0 0.2890625 0.5078125 0.0765625 0.0828125
0 0.14453125 0.55 0.04765625 0.0453125
0 0.3078125 0.021875 0.05 0.04375
0 0.30859375 0.20078125 0.08046875 0.071875
0 0.3109375 0.3078125 0.0515625 0.06328125
0 0.376171875 0.526171875 0.06640625 0.06796875
0 0.0046875 0.62734375 0.009375 0.025
0 0.396875 0.382421875 0.025 0.06796875
0 0.253125 0.0265625 0.040625 0.04140625
0 0.3640625 0.275 0.053125 0.0546875
0 0.009375 0.3171875 0.01875 0.0453125
0 0.3171875 0.1109375 0.05 0.04765625
0 0.14609375 0.35859375 0.0765625 0.0609375
0 0.09453125 0.28671875 0.05546875 0.05234375
0 0.320703125 0.018359375 0.08203125 0.03671875
0 0.91953125 0.5046875 0.07109375 0.0609375
0 0.92890625 0.0640625 0.07890625 0.08125
0 0.753125 0.44296875 0.0484375 0.05703125
0 0.89140625 0.5 0.04453125 0.03828125
0 0.4828125 0.53203125 0.053125 0.05078125
0 0.99140625 0.397265625 0.0171875 0.06953125
0 0.9 0.415625 0.0578125 0.05234375
0 0.778125 0.010546875 0.059375 0.02109375
0 0.61796875 0.4578125 0.053125 0.0453125
0 0.67734375 0.4703125 0.053125 0.05390625
0 0.9859375 0.0484375 0.028125 0.0328125
0 0.60625 0.4578125 0.05859375 0.0703125
0 0.871875 0.5375 0.06328125 0.05078125
0 0.81640625 0.03984375 0.03359375 0.03125
0 0.79375 0.56015625 0.0546875 0.034375
0 0.9296875 0.40546875 0.05625 0.05234375
0 0.84140625 0.53515625 0.03515625 0.03125
0 0.6203125 0.446875 0.04453125 0.0421875
0 0.38828125 0.69375 0.0421875 0.0546875
0 0.27890625 0.909375 0.07890625 0.07578125
0 0.2625 0.79140625 0.0609375 0.0625
0 0.38984375 0.64609375 0.0390625 0.0125
0 0.40390625 0.75625 0.0109375 0.05
0 0.375 0.73203125 0.053125 0.0328125
0 0.3703125 0.73046875 0.04140625 0.04453125
0 0.271875 0.88828125 0.04140625 0.03984375
0 0.3375 0.784375 0.03046875 0.03125
0 0.015234375 0.829296875 0.03046875 0.05546875