0 0.46015625 0.24453125 0.04453125 0.05390625
0 0.3 0.014453125 0.059375 0.02890625
0 0.45 0.23046875 0.06640625 0.053125
0 0.3046875 0.03125 0.046875 0.0296875
0 0.78671875 0.08203125 0.05078125 0.04296875
0 0.94765625 0.221875 0.06328125 0.06015625
0 0.975390625 0.32578125 0.04921875 0.028125
0 0.79765625 0.240625 0.05546875 0.053125
0 0.771875 0.23203125 0.0515625 0.05390625
0 0.91484375 0.11640625 0.04375 0.04453125
0 0.58828125 0.04296875 0.0375 0.0640625
0 0.93125 0.19609375 0.03984375 0.0359375
0 0.21796875 0.82890625 0.05390625 0.04453125
0 0.43359375 0.67265625 0.07734375 0.08046875
0 0.41171875 0.48046875 0.05234375 0.0609375
0 0.19765625 0.975390625 0.05 0.04921875
0 0.16796875 0.58984375 0.059375 0.05546875
0 0.25390625 0.5515625 0.04375 0.0375
0 0.03515625 0.98515625 0.05625 0.0296875
0 0.37109375 0.7203125 0.05625 0.05703125
0 0.33125 0.75078125 0.0421875 0.0390625
0 0.540625 0.672265625 0.0578125 0.08046875
0 0.5578125 0.48046875 0.0234375 0.0609375
0 0.7734375 0.76015625 0.053125 0.04453125
0 0.88203125 0.78515625 0.071875 0.075
0 0.85 0.56796875 0.0515625 0.04375
0 0.9421875 0.85859375 0.03984375 0.0578125
0 0.82265625 0.77578125 0.0484375 0.0484375
0 0.9234375 0.85078125 0.07265625 0.06953125
0 0.8296875 0.69609375 0.0640625 0.0640625
0 0.9875 0.624609375 0.025 0.05078125
0 0.8171875 0.46015625 0.053125 0.05
0 0.81875 0.39921875 0.0421875 0.040625
0 0.582421875 0.759765625 0.02578125 0.04453125