0 0.62890625 0.16328125 0.03515625 0.03984375
0 0.353125 0.8734375 0.05703125 0.046875
0 0.50859375 0.78671875 0.07109375 0.06015625
0 0.5140625 0.54453125 0.04140625 0.03515625
0 0.5546875 0.89453125 0.0484375 0.046875
0 0.7640625 0.6953125 0.08828125 0.07890625
0 0.64375 0.7078125 0.0625 0.075
0 0.6765625 0.8375 0.0796875 0.078125
0 0.4484375 0.875 0.03984375 0.03984375
0 0.62109375 0.49140625 0.059375 0.05234375
0 0.625 0.578125 0.04453125 0.04609375
0 0.4671875 0.203125 0.0328125 0.0375
0 0.821875 0.3640625 0.05078125 0.04765625
0 0.6234375 0.55625 0.07578125 0.06015625
0 0.66484375 0.63984375 0.03984375 0.0359375
0 0.31953125 0.59765625 0.03125 0.0296875
0 0.3875 0.86484375 0.03125 0.03046875
0 0.66015625 0.83984375 0.03125 0.03125
0 0.62578125 0.42578125 0.02734375 0.028125
0 0.7984375 0.86953125 0.07578125 0.0703125
0 0.970703125 0.694921875 0.05859375 0.07890625
0 0.928125 0.3640625 0.05078125 0.04765625
0 0.9515625 0.86953125 0.07578125 0.0703125