0 0.46328125 0.23828125 0.07109375 0.0765625
0 0.07265625 0.23359375 0.065625 0.06328125
0 0.5 0.170703125 0.01875 0.05703125
0 0.43671875 0.029296875 0.0515625 0.05859375
0 0.5 0.167578125 0.01875 0.04453125
0 0.4453125 0.046875 0.084375 0.08203125
0 0.46328125 0.3296875 0.05390625 0.05390625
0 0.1625 0.365625 0.0453125 0.028125
0 0.1890625 0.09453125 0.07109375 0.06875
0 0.46953125 0.03984375 0.02890625 0.028125
0 0.6921875 0.373046875 0.05625 0.01328125
0 0.69921875 0.21875 0.06015625 0.065625
0 0.7296875 0.1921875 0.0578125 0.05546875
0 0.7203125 0.354296875 0.0609375 0.05078125
0 0.754296875 0.35703125 0.05234375 0.0453125
0 0.7546875 0.365234375 0.0515625 0.02890625
0 0.6765625 0.12265625 0.08046875 0.075
0 0.0234375 0.7140625 0.046875 0.071875
0 0.24921875 0.85 0.0671875 0.0640625
0 0.13125 0.940625 0.04375 0.04140625
0 0.009375 0.88984375 0.01875 0.034375
0 0.10546875 0.97109375 0.040625 0.04375
0 0.165625 0.92421875 0.025 0.02578125
0 0.016015625 0.75390625 0.03203125 0.0703125
0 0.60078125 0.981640625 0.0515625 0.03671875
0 0.70390625 0.93515625 0.0671875 0.07265625
0 0.91640625 0.985546875 0.05 0.02890625
0 0.724609375 0.987109375 0.06484375 0.02578125
0 0.9140625 0.4859375 0.053125 0.05234375
0 0.62578125 0.97890625 0.0765625 0.0421875
0 0.9265625 0.496875 0.046875 0.0484375
0 0.953125 0.43671875 0.05078125 0.046875
0 0.6171875 0.815625 0.07265625 0.06953125
0 0.6828125 0.7734375 0.0625 0.0734375
0 0.95546875 0.44453125 0.04453125 0.028125
0 0.76015625 0.7515625 0.03046875 0.0296875
0 0.909375 0.6578125 0.03046875 0.03046875