0 0.40234375 0.4828125 0.04296875 0.046875
0 0.2421875 0.2078125 0.0578125 0.05703125
0 0.5921875 0.4140625 0.05625 0.04765625
0 0.59921875 0.2421875 0.06015625 0.065625
0 0.6296875 0.215625 0.0578125 0.05546875
0 0.353125 0.7078125 0.065625 0.06328125
0 0.76640625 0.8859375 0.05078125 0.075
0 0.753125 0.52734375 0.065625 0.07890625
0 0.715625 0.43984375 0.05 0.0609375
0 0.6234375 0.46015625 0.075 0.0703125
0 0.39375 0.5578125 0.021875 0.0203125
0 0.6203125 0.38125 0.0609375 0.0578125
0 0.6546875 0.38515625 0.05234375 0.05390625
0 0.771875 0.46015625 0.05703125 0.06796875
0 0.5765625 0.72578125 0.05546875 0.04453125
0 0.30234375 0.41953125 0.040625 0.02578125
0 0.39765625 0.73046875 0.03203125 0.03125
0 0.6546875 0.3984375 0.0515625 0.04765625
0 0.5765625 0.14609375 0.08046875 0.075
0 0.018359375 0.207421875 0.03671875 0.05703125
0 0.97890625 0.8859375 0.0421875 0.075
0 0.98203125 0.526953125 0.0359375 0.07890625
0 0.974609375 0.459765625 0.05078125 0.06796875