0 0.075 0.19296875 0.0328125 0.0359375
0 0.08671875 0.4515625 0.0703125 0.07265625
0 0.3078125 0.0859375 0.071875 0.06875
0 0.0296875 0.01484375 0.05625 0.0296875
0 0.10703125 0.33828125 0.06328125 0.07578125
0 0.06328125 0.44140625 0.05078125 0.040625
0 0.37578125 0.383203125 0.028125 0.02890625
0 0.11640625 0.42421875 0.03203125 0.03125
0 0.20703125 0.1453125 0.025 0.02109375
0 0.68828125 0.521875 0.05078125 0.04140625
0 0.983984375 0.340625 0.03203125 0.0578125
0 0.53125 0.3140625 0.0796875 0.07109375
0 0.6234375 0.51796875 0.059375 0.05546875
0 0.75703125 0.569921875 0.040625 0.03984375
0 0.83203125 0.5078125 0.08203125 0.08046875
0 0.9609375 0.18671875 0.05703125 0.059375
0 0.5140625 0.38828125 0.05 0.05
0 0.753515625 0.567578125 0.05703125 0.04453125
0 0.68828125 0.3421875 0.02890625 0.02890625
0 0.4453125 0.3140625 0.0796875 0.07109375
0 0.4625 0.38828125 0.05 0.05
0 0.26640625 0.8296875 0.0359375 0.040625
0 0.1921875 0.89140625 0.0421875 0.0484375
0 0.298046875 0.619921875 0.07265625 0.06015625
0 0.2328125 0.97734375 0.03828125 0.03203125
0 0.28203125 0.63671875 0.05703125 0.05390625
0 0.6078125 0.982421875 0.0484375 0.03515625