0 0.31328125 0.21796875 0.0765625 0.0640625
0 0.53125 0.4140625 0.059375 0.0609375
0 0.346484375 0.51875 0.05390625 0.021875
0 0.57421875 0.16953125 0.0453125 0.05546875
0 0.1921875 0.3625 0.0390625 0.04765625
0 0.44375 0.41484375 0.0765625 0.075
0 0.5 0.49609375 0.0625 0.0390625
0 0.353125 0.184375 0.02734375 0.0265625
0 0.4578125 0.50703125 0.0453125 0.04375
0 0.241015625 0.51640625 0.03984375 0.0265625
0 0.470703125 0.5234375 0.05703125 0.0125
0 0.10703125 0.025 0.0296875 0.0296875
0 0.06796875 0.025 0.0296875 0.0296875
0 0.75234375 0.2578125 0.0421875 0.05
0 0.991796875 0.110546875 0.01640625 0.04609375
0 0.796875 0.13984375 0.0265625 0.025
0 0.78125 0.41171875 0.0375 0.03828125
0 0.13203125 0.87578125 0.04140625 0.0453125
0 0.38203125 0.9265625 0.06640625 0.065625
0 0.54921875 0.76640625 0.05625 0.04765625
0 0.592578125 0.711328125 0.03359375 0.07734375
0 0.58828125 0.8921875 0.0421875 0.053125
0 0.5546875 0.73359375 0.084375 0.07890625
0 0.07265625 0.87578125 0.04140625 0.0453125
0 0.66484375 0.6890625 0.0453125 0.03984375
0 0.67734375 0.67578125 0.065625 0.06796875
0 0.9890625 0.93984375 0.021875 0.0640625
0 0.88046875 0.7359375 0.06015625 0.05625
0 0.66796875 0.78984375 0.0578125 0.0546875
0 0.9375 0.73125 0.05625 0.05703125
0 0.88359375 0.987109375 0.0609375 0.02578125
0 0.875 0.98203125 0.0703125 0.0359375
0 0.74140625 0.5625 0.04375 0.04296875