0 0.57421875 0.78828125 0.05859375 0.0515625
0 0.56171875 0.4875 0.08046875 0.08359375
0 0.775 0.44609375 0.06875 0.0734375
0 0.7796875 0.121875 0.03828125 0.04453125
0 0.809375 0.42109375 0.05078125 0.05
0 0.17578125 0.25625 0.0484375 0.046875
0 0.815625 0.6265625 0.06484375 0.078125
0 0.74453125 0.26328125 0.0515625 0.06328125
0 0.69140625 0.49453125 0.0609375 0.0546875
0 0.65 0.77734375 0.04140625 0.04140625
0 0.7 0.72890625 0.0609375 0.05859375
0 0.54765625 0.94609375 0.06796875 0.07109375
0 0.47421875 0.678125 0.0671875 0.0671875
0 0.68125 0.50234375 0.05390625 0.0515625
0 0.70703125 0.5265625 0.05078125 0.046875
0 0.54765625 0.6328125 0.07578125 0.071875
0 0.81484375 0.50859375 0.065625 0.0640625
0 0.7796875 0.69609375 0.05234375 0.0328125
0 0.17109375 0.965625 0.03359375 0.0375
0 0.725 0.48515625 0.0546875 0.0515625
0 0.646875 0.7109375 0.021875 0.021875
0 0.9703125 0.44609375 0.059375 0.0734375
0 0.9703125 0.121875 0.03828125 0.04453125
0 0.940625 0.42109375 0.05078125 0.05
0 0.07421875 0.25625 0.0484375 0.046875
0 0.934375 0.6265625 0.06484375 0.078125
0 0.98984375 0.262890625 0.0203125 0.06328125
0 0.93515625 0.50859375 0.065625 0.0640625
0 0.9703125 0.69609375 0.05234375 0.0328125
0 0.07890625 0.965625 0.03359375 0.0375