0 0.012109375 0.24921875 0.02421875 0.0625
0 0.296875 0.2890625 0.0453125 0.0421875
0 0.16015625 0.26328125 0.059375 0.05625
0 0.053125 0.26328125 0.04453125 0.05390625
0 0.08203125 0.25546875 0.034375 0.03125
0 0.39921875 0.17890625 0.078125 0.0671875
0 0.375 0.17421875 0.0359375 0.05390625
0 0.53203125 0.22890625 0.0359375 0.0328125
0 0.50625 0.00625 0.0578125 0.0125
0 0.55390625 0.0765625 0.0296875 0.025
0 0.71875 0.0734375 0.0359375 0.03984375
0 0.24375 0.953125 0.03046875 0.03359375
0 0.321875 0.8234375 0.04140625 0.05
0 0.05625 0.37734375 0.046875 0.0578125
0 0.19296875 0.96796875 0.0578125 0.05859375
0 0.22109375 0.51640625 0.0546875 0.05625
0 0.11484375 0.93125 0.0546875 0.05234375
0 0.897265625 0.357421875 0.06953125 0.03515625
0 0.88671875 0.9453125 0.071875 0.0609375
0 0.4796875 0.80390625 0.03984375 0.034375
0 0.896875 0.6046875 0.08046875 0.0828125
0 0.8359375 0.42734375 0.05546875 0.06484375
0 0.58828125 0.38828125 0.065625 0.05859375
0 0.88125 0.58671875 0.03984375 0.03984375
0 0.53046875 0.38125 0.021875 0.0203125
0 0.42890625 0.9078125 0.04375 0.04453125
0 0.42578125 0.9390625 0.0421875 0.05078125
0 0.51875 0.79765625 0.0265625 0.025
0 0.88828125 0.634375 0.02734375 0.0234375
0 0.88359375 0.42109375 0.07734375 0.071875