0 0.3 0.253125 0.05703125 0.05859375
0 0.03125 0.15625 0.03828125 0.04453125
0 0.45234375 0.115625 0.05390625 0.04609375
0 0.40703125 0.1921875 0.06640625 0.0640625
0 0.03125 0.125 0.03984375 0.05859375
0 0.20703125 0.14140625 0.03046875 0.028125
0 0.06875 0.16015625 0.03984375 0.040625
0 0.440625 0.29921875 0.05703125 0.05546875
0 0.26640625 0.3921875 0.0296875 0.028125
0 0.37265625 0.02578125 0.06328125 0.03984375
0 0.1578125 0.405859375 0.040625 0.02734375
0 0.523046875 0.115234375 0.03359375 0.04609375
0 0.528125 0.298828125 0.0234375 0.05546875
0 0.6140625 0.2015625 0.08359375 0.08125
0 0.74609375 0.071875 0.040625 0.03359375
0 0.67265625 0.07890625 0.03828125 0.0375
0 0.33828125 0.828125 0.03515625 0.0390625
0 0.20078125 0.72578125 0.053125 0.04609375
0 0.45078125 0.45625 0.0515625 0.05546875
0 0.30859375 0.67109375 0.0671875 0.06640625
0 0.384375 0.69296875 0.0703125 0.06796875
0 0.17265625 0.8828125 0.07265625 0.06875
0 0.27578125 0.94765625 0.06640625 0.06953125
0 0.2640625 0.50234375 0.059375 0.05703125
0 0.3703125 0.946875 0.04609375 0.04453125
0 0.46953125 0.80546875 0.02578125 0.028125
0 0.384375 0.9625 0.046875 0.04375
0 0.518359375 0.455859375 0.04296875 0.05546875
0 0.50390625 0.80546875 0.02578125 0.028125
0 0.825 0.62265625 0.0359375 0.040625
0 0.5578125 0.84765625 0.0359375 0.08125
0 0.6203125 0.86015625 0.04609375 0.06796875
0 0.5640625 0.441015625 0.0484375 0.04296875
0 0.7046875 0.90390625 0.059375 0.059375
0 0.975390625 0.73359375 0.04921875 0.059375
0 0.709375 0.9359375 0.046875 0.0296875