0 0.61796875 0.1578125 0.0578125 0.04765625
0 0.8203125 0.3171875 0.08046875 0.0828125
0 0.69921875 0.65390625 0.0421875 0.05
0 0.25625 0.80234375 0.04140625 0.040625
0 0.36640625 0.65625 0.07578125 0.08203125
0 0.4921875 0.91171875 0.04609375 0.05546875
0 0.2859375 0.34375 0.0515625 0.04765625
0 0.4453125 0.44921875 0.07578125 0.07890625
0 0.6203125 0.16015625 0.034375 0.03984375
0 0.334375 0.475 0.03359375 0.02890625
0 0.33984375 0.18125 0.053125 0.06328125
0 0.82265625 0.765625 0.05078125 0.03125
0 0.2328125 0.2984375 0.03203125 0.03515625
0 0.65546875 0.525 0.04609375 0.04375
0 0.9296875 0.3171875 0.08046875 0.0828125
0 0.00703125 0.80234375 0.0140625 0.040625
0 0.92734375 0.765625 0.05078125 0.03125
0 0.0171875 0.2984375 0.03203125 0.03515625