0 0.13203125 0.03671875 0.0375 0.03203125
0 0.0921875 0.08515625 0.05234375 0.06328125
0 0.128125 0.1 0.075 0.078125
0 0.61796875 0.0859375 0.0578125 0.05078125
0 0.961328125 0.24921875 0.07734375 0.078125
0 0.59140625 0.22421875 0.065625 0.0578125
0 0.92578125 0.1875 0.05 0.04296875
0 0.27421875 0.8484375 0.06875 0.05703125
0 0.31171875 0.4875 0.06015625 0.0515625
0 0.322265625 0.794140625 0.05546875 0.06796875
0 0.28671875 0.47421875 0.07265625 0.07890625
0 0.1703125 0.990234375 0.0421875 0.01953125
0 0.3140625 0.4734375 0.071875 0.0828125
0 0.2359375 0.7265625 0.0609375 0.05703125
0 0.19453125 0.64140625 0.05390625 0.05546875
0 0.03671875 0.7859375 0.04765625 0.046875
0 0.028125 0.42890625 0.02578125 0.0234375
0 0.339453125 0.566796875 0.02109375 0.03046875
0 0.1671875 0.9234375 0.03203125 0.03125
0 0.334765625 0.816796875 0.03046875 0.05078125
0 0.734375 0.57578125 0.04765625 0.040625
0 0.3765625 0.646875 0.053125 0.0453125
0 0.97890625 0.512890625 0.0421875 0.05078125
0 0.989453125 0.59609375 0.02109375 0.075
0 0.73203125 0.91796875 0.05234375 0.04453125
0 0.5734375 0.328515625 0.059375 0.01796875
0 0.370703125 0.7890625 0.04140625 0.05625
0 0.37890625 0.78828125 0.0546875 0.08046875
0 0.7625 0.584375 0.05078125 0.06015625
0 0.67109375 0.75546875 0.05078125 0.04609375
0 0.40390625 0.390625 0.03984375 0.04765625
0 0.918359375 0.3328125 0.07578125 0.0265625
0 0.96171875 0.4328125 0.05625 0.053125
0 0.65234375 0.92265625 0.034375 0.03203125
0 0.846484375 0.326171875 0.05546875 0.01328125
0 0.703125 0.68671875 0.0640625 0.0765625
0 0.96640625 0.3390625 0.0546875 0.0390625
0 0.64609375 0.56640625 0.025 0.0234375
0 0.64765625 0.615625 0.0328125 0.0296875
0 0.8859375 0.92890625 0.04140625 0.04453125
0 0.725 0.37421875 0.0375 0.03203125
0 0.984765625 0.519140625 0.03046875 0.04296875
0 0.903125 0.72265625 0.059375 0.05546875