0 0.1640625 0.029296875 0.0578125 0.05859375
0 0.29296875 0.19375 0.0671875 0.071875
0 0.38671875 0.30390625 0.0421875 0.040625
0 0.015625 0.256640625 0.03125 0.04453125
0 0.471484375 0.010546875 0.05078125 0.02109375
0 0.35 0.37265625 0.053125 0.05
0 0.57890625 0.2375 0.046875 0.05703125
0 0.35078125 0.0359375 0.04453125 0.04453125
0 0.31796875 0.09140625 0.03203125 0.02734375
0 0.34453125 0.1140625 0.07265625 0.0578125
0 0.1921875 0.47578125 0.07890625 0.07265625
0 0.96171875 0.35625 0.071875 0.0609375
0 0.828515625 0.0234375 0.03828125 0.046875
0 0.9375 0.38125 0.05 0.059375
0 0.87421875 0.3328125 0.05234375 0.0484375
0 0.96015625 0.103125 0.0421875 0.04140625
0 0.31015625 0.6078125 0.04296875 0.046875
0 0.5609375 0.7046875 0.0546875 0.0453125
0 0.69453125 0.97578125 0.0765625 0.0484375
0 0.218359375 0.565625 0.04765625 0.0515625
0 0.2640625 0.81796875 0.04609375 0.05546875
0 0.65078125 0.603125 0.0390625 0.0359375
0 0.37421875 0.853125 0.07109375 0.06953125
0 0.3046875 0.966796875 0.075 0.06640625
0 0.3375 0.87109375 0.053125 0.05
0 0.515625 0.76015625 0.03359375 0.03046875
0 0.2984375 0.74140625 0.07109375 0.06796875
0 0.13515625 0.8828125 0.0578125 0.05703125
0 0.2453125 0.78125 0.07578125 0.06015625
0 0.190625 0.54375 0.0296875 0.0078125
0 0.19453125 0.8125 0.0421875 0.0390625
0 0.59140625 0.565625 0.0390625 0.0390625
0 0.05703125 0.8828125 0.0578125 0.05703125
0 0.009375 0.8125 0.01875 0.0390625