0 0.34453125 0.3796875 0.078125 0.06640625
0 0.1234375 0.13125 0.065625 0.07109375
0 0.403125 0.21875 0.05078125 0.075
0 0.190625 0.12109375 0.0484375 0.05078125
0 0.38203125 0.13515625 0.0421875 0.03515625
0 0.20859375 0.40234375 0.0515625 0.034375
0 0.0640625 0.0671875 0.0546875 0.0515625
0 0.68515625 0.10546875 0.05546875 0.04765625
0 0.6484375 0.0875 0.0671875 0.07265625
0 0.8921875 0.18671875 0.059375 0.07109375
0 0.975 0.1421875 0.0453125 0.05546875
0 0.6859375 0.04375 0.06640625 0.06328125
0 0.638671875 0.0140625 0.06640625 0.028125
0 0.865625 0.36640625 0.02890625 0.02578125
0 0.7921875 0.08125 0.04609375 0.04296875
0 0.499609375 0.105078125 0.01953125 0.04765625
0 0.52109375 0.087109375 0.0625 0.07265625
0 0.501953125 0.043359375 0.02421875 0.06328125
0 0.527734375 0.0140625 0.06640625 0.028125
0 0.20625 0.55859375 0.02734375 0.0296875
0 0.03671875 0.715625 0.05078125 0.04375
0 0.36484375 0.6265625 0.075 0.07734375
0 0.006640625 0.55703125 0.01328125 0.0453125
0 0.10546875 0.5734375 0.0640625 0.07734375
0 0.040625 0.53671875 0.0453125 0.0421875
0 0.1984375 0.48046875 0.028125 0.02578125
0 0.44296875 0.559375 0.03515625 0.0390625
0 0.41015625 0.51875 0.04140625 0.040625
0 0.42734375 0.72265625 0.0640625 0.059375
0 0.734375 0.8421875 0.0640625 0.06875
0 0.7484375 0.68359375 0.05390625 0.05234375
0 0.505078125 0.58359375 0.03046875 0.04375
0 0.59375 0.50078125 0.0390625 0.04765625
0 0.62734375 0.77890625 0.07265625 0.065625
0 0.96640625 0.61328125 0.05390625 0.046875
0 0.5703125 0.63984375 0.06640625 0.06953125
0 0.57578125 0.57265625 0.04453125 0.04609375
0 0.9640625 0.63046875 0.053125 0.05078125
0 0.84453125 0.65625 0.046875 0.04453125