0 0.135546875 0.335546875 0.05859375 0.02890625
0 0.1234375 0.04609375 0.08046875 0.08359375
0 0.316015625 0.020703125 0.02734375 0.04140625
0 0.253125 0.053125 0.0609375 0.0546875
0 0.211328125 0.332421875 0.04140625 0.03515625
0 0.26171875 0.2875 0.0609375 0.05859375
0 0.0359375 0.23671875 0.0671875 0.0671875
0 0.24296875 0.0609375 0.05390625 0.0515625
0 0.26875 0.08515625 0.05078125 0.046875
0 0.109375 0.19140625 0.07578125 0.071875
0 0.322265625 0.2546875 0.01484375 0.0328125
0 0.28671875 0.04375 0.0546875 0.0515625
0 0.20859375 0.26953125 0.021875 0.021875
0 0.52265625 0.19609375 0.04375 0.03828125
0 0.5578125 0.04296875 0.0296875 0.02734375
0 0.55546875 0.10703125 0.04140625 0.046875
0 0.648828125 0.017578125 0.05546875 0.03515625
0 0.8953125 0.296875 0.0359375 0.03515625
0 0.6859375 0.1609375 0.0421875 0.03984375
0 0.9359375 0.296875 0.0359375 0.03515625
0 0.18828125 0.68046875 0.0875 0.078125
0 0.289453125 0.97265625 0.05390625 0.0546875
0 0.3078125 0.66796875 0.04375 0.0640625
0 0.08359375 0.359765625 0.0515625 0.01953125
0 0.32265625 0.83046875 0.0140625 0.0296875
0 0.319140625 0.984375 0.02109375 0.03125
0 0.7765625 0.4390625 0.0609375 0.0515625
0 0.76484375 0.4953125 0.06328125 0.05390625
0 0.83984375 0.56953125 0.053125 0.0625
0 0.71328125 0.52109375 0.040625 0.0390625
0 0.603125 0.50078125 0.046875 0.06953125
0 0.74140625 0.6921875 0.06328125 0.05625
0 0.85078125 0.45859375 0.05859375 0.0578125
0 0.90546875 0.446875 0.0484375 0.0421875
0 0.459375 0.540625 0.05234375 0.05234375
0 0.709375 0.70703125 0.04453125 0.0453125
0 0.815234375 0.373828125 0.06484375 0.04765625
0 0.85390625 0.53203125 0.0625 0.0609375
0 0.70234375 0.565625 0.0515625 0.04140625
0 0.53984375 0.66796875 0.03203125 0.03125