0 0.28984375 0.0203125 0.03046875 0.0328125
0 0.464453125 0.437109375 0.05078125 0.06640625
0 0.166015625 0.6109375 0.06640625 0.0578125
0 0.25703125 0.1890625 0.065625 0.07109375
0 0.32421875 0.17890625 0.0484375 0.05078125
0 0.3421875 0.4734375 0.0515625 0.0609375
0 0.19765625 0.125 0.0546875 0.0515625
0 0.97734375 0.3671875 0.03203125 0.03515625
0 0.73828125 0.321875 0.0640625 0.0546875
0 0.69609375 0.2453125 0.05859375 0.0609375
0 0.94140625 0.41484375 0.06875 0.0734375
0 0.909375 0.60703125 0.05546875 0.065625
0 0.70859375 0.625390625 0.04375 0.02890625
0 0.5078125 0.08125 0.0359375 0.04375
0 0.521875 0.159375 0.0546875 0.0546875
0 0.95703125 0.37734375 0.0359375 0.03359375
0 0.7078125 0.12265625 0.04765625 0.0296875
0 0.90703125 0.58046875 0.03203125 0.0296875
0 0.7203125 0.5125 0.0296875 0.03203125
0 0.54453125 0.528125 0.0328125 0.03203125
0 0.94140625 0.6046875 0.03359375 0.0328125
0 0.36875 0.77734375 0.0625 0.06484375
0 0.3140625 0.69140625 0.05390625 0.05859375
0 0.35703125 0.7140625 0.05546875 0.0515625
0 0.344921875 0.98203125 0.07578125 0.0359375
0 0.4203125 0.96640625 0.0515625 0.0515625
0 0.70546875 0.7140625 0.0703125 0.06875
0 0.825 0.81328125 0.0234375 0.021875
0 0.6296875 0.75234375 0.0390625 0.03359375
0 0.7359375 0.97265625 0.046875 0.0546875
0 0.864453125 0.976953125 0.06015625 0.04609375