0 0.445703125 0.463671875 0.04765625 0.04765625
0 0.08515625 0.2625 0.034375 0.0421875
0 0.43515625 0.24375 0.04609375 0.04296875
0 0.08125 0.321875 0.03984375 0.03359375
0 0.24375 0.0125 0.0375 0.025
0 0.884375 0.4140625 0.059375 0.0515625
0 0.483984375 0.01953125 0.02890625 0.0390625
0 0.48515625 0.228125 0.03125 0.0671875
0 0.8984375 0.01328125 0.0671875 0.0265625
0 0.5375 0.1421875 0.05390625 0.0515625
0 0.8 0.33828125 0.0328125 0.028125
0 0.421875 0.76484375 0.07109375 0.06328125
0 0.19609375 0.96171875 0.04375 0.053125
0 0.0703125 0.96328125 0.06484375 0.06328125
0 0.95859375 0.60390625 0.05390625 0.05859375
0 0.48046875 0.8703125 0.021875 0.0609375
0 0.8078125 0.84609375 0.075 0.08125
0 0.82265625 0.80390625 0.07890625 0.07734375
0 0.54296875 0.91953125 0.06484375 0.05703125
0 0.63671875 0.696875 0.04296875 0.0375
0 0.85703125 0.89296875 0.0609375 0.0625
0 0.9421875 0.68359375 0.06953125 0.06640625
0 0.709375 0.88359375 0.0375 0.03828125
0 0.96953125 0.58984375 0.05390625 0.053125
0 0.71953125 0.6015625 0.0578125 0.06953125
0 0.7609375 0.69296875 0.04453125 0.04140625