0 0.75546875 0.54765625 0.034375 0.0390625
0 0.265625 0.5265625 0.0484375 0.040625
0 0.38203125 0.44140625 0.0703125 0.06015625
0 0.39453125 0.41484375 0.05234375 0.05390625
0 0.784375 0.825 0.07109375 0.0765625
0 0.39375 0.8203125 0.065625 0.06328125
0 0.83125 0.7578125 0.0390625 0.05703125
0 0.7578125 0.6140625 0.0515625 0.0625
0 0.8296875 0.7546875 0.0359375 0.04453125
0 0.76640625 0.63359375 0.084375 0.08203125
0 0.26875 0.871875 0.06484375 0.0578125
0 0.784375 0.91640625 0.05390625 0.05390625
0 0.2953125 0.39609375 0.05546875 0.05234375
0 0.2421875 0.67578125 0.03515625 0.0328125
0 0.2703125 0.93125 0.04375 0.03828125
0 0.25859375 0.87421875 0.0625 0.0625
0 0.2640625 0.68359375 0.06875 0.065625
0 0.48359375 0.96171875 0.0453125 0.046875
0 0.28828125 0.3625 0.04765625 0.04453125
0 0.2984375 0.57578125 0.0390625 0.04375
0 0.51015625 0.68125 0.07109375 0.06875
0 0.2796875 0.42890625 0.03828125 0.03515625
0 0.790625 0.6265625 0.02890625 0.028125
0 0.25078125 0.53046875 0.0453125 0.04296875
0 0.69453125 0.54453125 0.02734375 0.028125
0 0.74296875 0.51953125 0.084375 0.0796875
0 0.988671875 0.54765625 0.02265625 0.0390625
0 0.96484375 0.825 0.0703125 0.0765625
0 0.91875 0.7578125 0.0390625 0.05703125
0 0.983203125 0.6140625 0.03359375 0.0625
0 0.9203125 0.7546875 0.0359375 0.04453125
0 0.970703125 0.633203125 0.05859375 0.08203125
0 0.006640625 0.871875 0.01328125 0.0578125
0 0.965625 0.91640625 0.05390625 0.05390625
0 0.0125 0.67578125 0.025 0.0328125
0 0.011328125 0.87421875 0.02265625 0.0625
0 0.01015625 0.68359375 0.0203125 0.065625
0 0.959375 0.6265625 0.02890625 0.028125
0 0.0109375 0.530078125 0.021875 0.04296875
0 0.982421875 0.51953125 0.03515625 0.0796875