0 0.0375 0.115625 0.04296875 0.046875
0 0.22734375 0.046875 0.05625 0.04765625
0 0.010546875 0.340234375 0.02109375 0.06328125
0 0.401171875 0.50546875 0.05078125 0.0484375
0 0.38828125 0.16015625 0.065625 0.07890625
0 0.35078125 0.07265625 0.05 0.0609375
0 0.25859375 0.09296875 0.075 0.0703125
0 0.02890625 0.190625 0.021875 0.0203125
0 0.25546875 0.021484375 0.0609375 0.04296875
0 0.289453125 0.022265625 0.05234375 0.04453125
0 0.40703125 0.09296875 0.05703125 0.06796875
0 0.21171875 0.35859375 0.05546875 0.04453125
0 0.0328125 0.36328125 0.03203125 0.03125
0 0.28984375 0.03125 0.0515625 0.04765625
0 0.99375 0.3796875 0.0125 0.05625
0 0.8859375 0.25390625 0.0328125 0.0375
0 0.07109375 0.7859375 0.06796875 0.05625
0 0.071875 0.537109375 0.0390625 0.01484375
0 0.018359375 0.896875 0.03671875 0.05
0 0.03671875 0.791015625 0.0734375 0.07265625
0 0.01171875 0.754296875 0.0234375 0.03046875
0 0.04375 0.8328125 0.03828125 0.0375
0 0.976171875 0.941796875 0.04765625 0.05390625
0 0.944921875 0.973046875 0.05703125 0.05390625
0 0.78125 0.9546875 0.0671875 0.0703125
0 0.66953125 0.80703125 0.04453125 0.053125
0 0.77421875 0.83359375 0.0390625 0.0421875
0 0.575390625 0.535546875 0.04296875 0.01171875