0 0.32578125 0.1765625 0.02734375 0.0296875
0 0.1671875 0.20625 0.07109375 0.059375
0 0.6703125 0.21328125 0.084375 0.08828125
0 0.81015625 0.5609375 0.05390625 0.05859375
0 0.3171875 0.82734375 0.05234375 0.0609375
0 0.64453125 0.16875 0.06875 0.0671875
0 0.659375 0.803125 0.075 0.08125
0 0.78125 0.29765625 0.065625 0.0578125
0 0.67421875 0.7609375 0.07890625 0.07734375
0 0.39453125 0.8765625 0.06484375 0.05703125
0 0.48828125 0.65390625 0.04296875 0.0375
0 0.70859375 0.85 0.0609375 0.0625
0 0.79375 0.640625 0.06953125 0.06640625
0 0.5609375 0.840625 0.0375 0.03828125
0 0.6 0.3625 0.04453125 0.0375
0 0.82109375 0.546875 0.05390625 0.053125
0 0.57109375 0.55859375 0.0578125 0.06953125
0 0.6125 0.65 0.04453125 0.04140625
0 0.0828125 0.20625 0.07109375 0.059375
0 0.93984375 0.5609375 0.05390625 0.05859375
0 0.96796875 0.29765625 0.0640625 0.0578125
0 0.95625 0.640625 0.06953125 0.06640625
0 0.92890625 0.546875 0.05390625 0.053125