0 0.46640625 0.52890625 0.0390625 0.0421875
0 0.665625 0.68984375 0.06796875 0.05625
0 0.6203125 0.640625 0.06328125 0.05390625
0 0.6671875 0.90546875 0.05546875 0.04765625
0 0.290625 0.77578125 0.05546875 0.065625
0 0.16328125 0.93515625 0.0609375 0.0671875
0 0.2203125 0.3171875 0.04375 0.06484375
0 0.4796875 0.96640625 0.05078125 0.0609375
0 0.590625 0.0875 0.08828125 0.07890625
0 0.79375 0.675 0.0265625 0.025
0 0.23828125 0.5859375 0.07265625 0.07734375
0 0.659375 0.2546875 0.0703125 0.0671875
0 0.51796875 0.3171875 0.03984375 0.040625
0 0.30625 0.5875 0.0578125 0.059375
0 0.48671875 0.54609375 0.07578125 0.071875
0 0.4203125 0.34921875 0.0578125 0.05703125
0 0.73515625 0.55234375 0.0625 0.0734375
0 0.3078125 0.10078125 0.0328125 0.03046875
0 0.42578125 0.34375 0.03359375 0.0375
0 0.496875 0.65703125 0.0453125 0.0421875
0 0.08671875 0.93515625 0.0609375 0.0671875
0 0.0296875 0.3171875 0.04375 0.06484375
0 0.95625 0.675 0.0265625 0.025
0 0.023828125 0.585546875 0.04765625 0.07734375
0 0.991796875 0.55234375 0.01640625 0.0734375