0 0.39921875 0.29140625 0.03046875 0.0328125
0 0.5875 0.70859375 0.078125 0.06640625
0 0.27578125 0.8859375 0.06640625 0.06484375
0 0.37109375 0.9609375 0.0421875 0.0359375
0 0.36640625 0.46015625 0.065625 0.07109375
0 0.64609375 0.54765625 0.05078125 0.075
0 0.42890625 0.1890625 0.06484375 0.078125
0 0.3890625 0.95078125 0.06015625 0.06015625
0 0.43359375 0.45 0.0484375 0.05078125
0 0.625 0.4640625 0.0421875 0.03515625
0 0.66328125 0.8203125 0.065625 0.06484375
0 0.4515625 0.74453125 0.0515625 0.0609375
0 0.61875 0.15078125 0.03515625 0.0328125
0 0.5265625 0.03203125 0.02890625 0.028125
0 0.30703125 0.39609375 0.0546875 0.0515625