0 0.291015625 0.6484375 0.05703125 0.021875
0 0.446875 0.57421875 0.07109375 0.06015625
0 0.45234375 0.33203125 0.04140625 0.03515625
0 0.386328125 0.65078125 0.03984375 0.0171875
0 0.54453125 0.278515625 0.0296875 0.05234375
0 0.55 0.365234375 0.01875 0.04609375
0 0.40546875 0.0046875 0.0328125 0.009375
0 0.54140625 0.343359375 0.0359375 0.06015625
0 0.2578125 0.38515625 0.03125 0.0296875
0 0.32578125 0.648046875 0.03125 0.02265625
0 0.5546875 0.21328125 0.009375 0.028125
0 0.7625 0.35078125 0.0484375 0.071875
0 0.977734375 0.48671875 0.04453125 0.0640625
0 0.87109375 0.57734375 0.04375 0.04140625
0 0.74140625 0.5265625 0.03515625 0.034375
0 0.8453125 0.6078125 0.040625 0.04375
0 0.90546875 0.5609375 0.025 0.02578125
0 0.734375 0.390625 0.07578125 0.0703125
0 0.084375 0.79453125 0.05078125 0.04375
0 0.421875 0.7234375 0.04140625 0.0609375
0 0.22265625 0.815625 0.0734375 0.06640625
0 0.18125 0.96328125 0.0359375 0.04140625
0 0.1875 0.988671875 0.034375 0.02265625
0 0.58828125 0.8375 0.05625 0.06640625
0 0.78984375 0.9625 0.05078125 0.05234375
0 0.84921875 0.84921875 0.03828125 0.0359375
0 0.88203125 0.85703125 0.0390625 0.04296875
0 0.903125 0.678125 0.0703125 0.0375