0 0.14375 0.196875 0.07890625 0.08203125
0 0.35625 0.14375 0.05390625 0.05859375
0 0.357421875 0.523046875 0.06796875 0.01328125
0 0.22734375 0.39140625 0.03125 0.03828125
0 0.129296875 0.516796875 0.03984375 0.02578125
0 0.115625 0.490625 0.07109375 0.06953125
0 0.29140625 0.27578125 0.05 0.05078125
0 0.42265625 0.3046875 0.059375 0.0578125
0 0.3328125 0.03203125 0.04375 0.053125
0 0.690625 0.378125 0.05390625 0.04609375
0 0.754296875 0.520703125 0.07890625 0.01796875
0 0.984765625 0.402734375 0.03046875 0.05078125
0 0.846875 0.5078125 0.0546875 0.04375
0 0.557421875 0.406640625 0.03515625 0.06640625
0 0.8796875 0.4125 0.053125 0.046875
0 0.55625 0.43828125 0.0328125 0.05
0 0.91796875 0.4953125 0.06875 0.065625
0 0.571875 0.065625 0.034375 0.03125
0 0.5546875 0.224609375 0.0296875 0.04609375
0 0.8328125 0.14296875 0.034375 0.034375
0 0.72734375 0.28515625 0.05703125 0.05390625
0 0.21015625 0.8328125 0.0640625 0.053125
0 0.4625 0.97265625 0.059375 0.05078125
0 0.325 0.90546875 0.08203125 0.084375
0 0.28828125 0.9390625 0.05859375 0.0640625
0 0.384765625 0.542578125 0.05078125 0.02578125
0 0.3 0.8015625 0.04765625 0.05703125
0 0.2265625 0.7125 0.0578125 0.06015625
0 0.20546875 0.78984375 0.04609375 0.04453125
0 0.196875 0.740625 0.0578125 0.06953125
0 0.2859375 0.92265625 0.04140625 0.0453125
0 0.07890625 0.75859375 0.0328125 0.0328125
0 0.79296875 0.65859375 0.028125 0.03125
0 0.8859375 0.5515625 0.0390625 0.03359375
0 0.79921875 0.5984375 0.071875 0.06953125
0 0.812890625 0.987890625 0.05859375 0.02421875
0 0.6859375 0.61328125 0.040625 0.034375
0 0.72421875 0.92421875 0.06953125 0.06640625
0 0.70234375 0.93046875 0.07734375 0.0625
0 0.615625 0.61328125 0.040625 0.034375
0 0.57734375 0.92421875 0.06953125 0.06640625
0 0.59921875 0.93046875 0.07734375 0.0625