0 0.12421875 0.1328125 0.059375 0.05234375
0 0.1828125 0.20234375 0.06484375 0.0625
0 0.4875 0.2421875 0.0453125 0.0421875
0 0.25625 0.415625 0.0578125 0.05703125
0 0.35078125 0.21640625 0.059375 0.05625
0 0.450390625 0.5421875 0.08203125 0.034375
0 0.13046875 0.03359375 0.03515625 0.03046875
0 0.24375 0.21640625 0.04453125 0.05390625
0 0.5953125 0.21015625 0.05234375 0.0421875
0 0.27265625 0.20859375 0.034375 0.03125
0 0.6765625 0.51484375 0.0265625 0.02890625
0 0.1421875 0.20859375 0.0515625 0.04765625
0 0.021484375 0.132421875 0.04296875 0.05234375
0 0.012109375 0.033203125 0.02421875 0.03046875
0 0.010546875 0.208203125 0.02109375 0.04765625
0 0.780078125 0.103515625 0.04140625 0.04296875
0 0.786328125 0.29765625 0.05390625 0.0734375
0 0.9953125 0.29765625 0.009375 0.0734375
0 0.08828125 0.93046875 0.0765625 0.0640625
0 0.1 0.9109375 0.06328125 0.05390625
0 0.08515625 0.690625 0.078125 0.08125
0 0.08203125 0.7609375 0.05234375 0.05
0 0.05625 0.72109375 0.0453125 0.0546875
0 0.35078125 0.925 0.0421875 0.05078125
0 0.17265625 0.9515625 0.06328125 0.05859375
0 0.10078125 0.8625 0.05390625 0.04609375
0 0.215625 0.71015625 0.053125 0.053125
0 0.11640625 0.9171875 0.0421875 0.03984375
0 0.1453125 0.80703125 0.0296875 0.025
0 0.23515625 0.70078125 0.05 0.0453125
0 0.38203125 0.89765625 0.0453125 0.04453125
0 0.3671875 0.878125 0.03046875 0.03125
0 0.008984375 0.690625 0.01796875 0.08125
0 0.015234375 0.72109375 0.03046875 0.0546875
0 0.905078125 0.58671875 0.05703125 0.0546875
0 0.89765625 0.9359375 0.06953125 0.0625
0 0.8109375 0.9203125 0.06875 0.0671875
0 0.904296875 0.971875 0.05859375 0.05625
0 0.944140625 0.583203125 0.06484375 0.04765625
0 0.7953125 0.94765625 0.0453125 0.04453125
0 0.996484375 0.690625 0.00703125 0.03125
0 0.865625 0.7640625 0.053125 0.05