0 0.21796875 0.21015625 0.0515625 0.04765625
0 0.37734375 0.315625 0.07578125 0.07890625
0 0.26640625 0.34140625 0.03359375 0.02890625
0 0.271875 0.04765625 0.053125 0.06328125
0 0.16484375 0.16484375 0.03203125 0.03515625
0 0.7484375 0.3328125 0.0609375 0.071875
0 0.5671875 0.209375 0.0421875 0.05078125
0 0.571875 0.3796875 0.025 0.02265625
0 0.5984375 0.18203125 0.0453125 0.04453125
0 0.58359375 0.1625 0.03046875 0.03125
0 0.11640625 0.721875 0.03125 0.034375
0 0.11953125 0.553125 0.0671875 0.06796875
0 0.16015625 0.5390625 0.02890625 0.02890625
0 0.78203125 0.759375 0.0765625 0.0640625
0 0.98515625 0.95546875 0.0296875 0.0609375
0 0.6609375 0.90390625 0.0390625 0.04765625
0 0.9125 0.95625 0.0765625 0.075
0 0.821875 0.72578125 0.02734375 0.0265625
0 0.57578125 0.56640625 0.0296875 0.0296875
0 0.465234375 0.903515625 0.01171875 0.04765625
0 0.53671875 0.56640625 0.0296875 0.0296875