0 0.0921875 0.57109375 0.05703125 0.0484375
0 0.42890625 0.47890625 0.05703125 0.05859375
0 0.0515625 0.39453125 0.06484375 0.06953125
0 0.16015625 0.38203125 0.03828125 0.04453125
0 0.52109375 0.41796875 0.0375 0.0640625
0 0.16015625 0.35078125 0.03984375 0.05859375
0 0.033203125 0.4859375 0.06640625 0.0796875
0 0.3359375 0.3671875 0.03046875 0.028125
0 0.19765625 0.3859375 0.03984375 0.040625
0 0.17421875 0.14296875 0.0375 0.03125
0 0.5015625 0.2515625 0.06328125 0.03984375
0 0.984765625 0.158984375 0.03046875 0.07734375
0 0.98828125 0.187109375 0.0234375 0.05234375
0 0.63984375 0.08515625 0.05625 0.0609375
0 0.9640625 0.45390625 0.04140625 0.03984375
0 0.68125 0.46484375 0.05390625 0.04765625
0 0.980859375 0.391015625 0.03828125 0.05546875
0 0.72734375 0.51015625 0.07734375 0.07265625
0 0.847265625 0.01171875 0.05546875 0.0234375
0 0.80703125 0.43515625 0.05390625 0.05546875
0 0.88984375 0.284375 0.06953125 0.0671875
0 0.9609375 0.30546875 0.0265625 0.025
0 0.62578125 0.38359375 0.04296875 0.040625
0 0.6046875 0.075 0.0328125 0.03359375
0 0.36484375 0.875 0.08046875 0.08359375
0 0.38046875 0.9265625 0.0578125 0.05625
0 0.2046875 0.91484375 0.05859375 0.05078125
0 0.454296875 0.981640625 0.07578125 0.03671875
0 0.14609375 0.953125 0.065625 0.07890625
0 0.14296875 0.9078125 0.06328125 0.0609375
0 0.030859375 0.952734375 0.06171875 0.07890625
0 0.03203125 0.9078125 0.06328125 0.0609375
0 0.68515625 0.622265625 0.0421875 0.04453125
0 0.69609375 0.80625 0.07109375 0.05703125
0 0.65234375 0.7 0.0234375 0.02265625
0 0.5671875 0.8140625 0.02890625 0.03203125
0 0.544140625 0.68359375 0.00859375 0.0328125
0 0.571875 0.696875 0.028125 0.028125