0 0.0359375 0.4125 0.0390625 0.0421875
0 0.189453125 0.508203125 0.06328125 0.02265625
0 0.22890625 0.13828125 0.0703125 0.0671875
0 0.0875 0.20078125 0.03984375 0.040625
0 0.05625 0.4296875 0.07578125 0.071875
0 0.009375 0.232421875 0.01875 0.05703125
0 0.3046875 0.4359375 0.0625 0.0734375
0 0.005859375 0.22734375 0.01171875 0.0375
0 0.51484375 0.171875 0.0828125 0.0859375
0 0.9234375 0.4296875 0.06953125 0.0625
0 0.86875 0.4140625 0.07578125 0.0671875
0 0.8984375 0.4328125 0.05234375 0.05234375
0 0.63515625 0.25625 0.05 0.04296875
0 0.65234375 0.34296875 0.0578125 0.05859375
0 0.65703125 0.494921875 0.0546875 0.04921875
0 0.924609375 0.50625 0.03359375 0.0265625
0 0.546875 0.07421875 0.0546875 0.05078125
0 0.921875 0.08125 0.03984375 0.03828125
0 0.56484375 0.13359375 0.03203125 0.02890625
0 0.400390625 0.171875 0.02109375 0.0859375
0 0.35703125 0.86953125 0.0625 0.059375
0 0.32578125 0.8328125 0.0453125 0.0546875
0 0.03359375 0.88203125 0.04140625 0.03515625
0 0.126171875 0.99375 0.04296875 0.0125
0 0.14140625 0.77109375 0.04140625 0.03515625
0 0.25625 0.875 0.0578125 0.05546875
0 0.04609375 0.6 0.04609375 0.04296875
0 0.89453125 0.6453125 0.0671875 0.07265625
0 0.54453125 0.56796875 0.04765625 0.0578125
0 0.42421875 0.63671875 0.046875 0.04375
0 0.5234375 0.80234375 0.046875 0.0578125
0 0.553125 0.859375 0.05546875 0.04765625
0 0.52109375 0.684375 0.05 0.0515625
0 0.6453125 0.58046875 0.05234375 0.0515625
0 0.9609375 0.81015625 0.05859375 0.0375
0 0.64609375 0.53515625 0.0359375 0.03125
0 0.703125 0.61953125 0.0390625 0.0421875