0 0.22578125 0.003515625 0.0234375 0.00703125
0 0.24140625 0.1 0.04140625 0.0453125
0 0.1390625 0.2875 0.0515625 0.046875
0 0.971875 0.19140625 0.04609375 0.04375
0 0.7234375 0.290625 0.053125 0.05234375
0 0.865625 0.13203125 0.028125 0.02734375
0 0.22265625 0.8546875 0.0734375 0.0609375
0 0.43984375 0.405859375 0.059375 0.08515625
0 0.315625 0.96796875 0.05703125 0.0609375
0 0.2421875 0.67421875 0.05546875 0.0546875
0 0.18203125 0.6921875 0.04140625 0.0609375
0 0.21875 0.43125 0.0328125 0.040625
0 0.42109375 0.58046875 0.0625 0.07578125
0 0.09765625 0.378125 0.084375 0.07578125
0 0.2296875 0.484375 0.07578125 0.07109375
0 0.3703125 0.49375 0.04375 0.04296875
0 0.20703125 0.6015625 0.0359375 0.0375
0 0.011328125 0.377734375 0.02265625 0.07578125
0 0.784375 0.64375 0.07578125 0.06328125
0 0.53671875 0.88046875 0.071875 0.0625
0 0.4890625 0.868359375 0.0390625 0.05546875
0 0.9140625 0.85390625 0.05234375 0.05625
0 0.8515625 0.76796875 0.05390625 0.06484375
0 0.92109375 0.95546875 0.06015625 0.05625
0 0.95390625 0.34296875 0.05 0.046875
0 0.49609375 0.7546875 0.053125 0.0703125
0 0.63984375 0.4671875 0.0859375 0.07734375
0 0.498828125 0.96015625 0.05859375 0.071875
0 0.525 0.553125 0.0515625 0.05234375
0 0.953125 0.53515625 0.03125 0.03515625
0 0.6390625 0.980859375 0.0484375 0.03828125
0 0.8640625 0.333984375 0.034375 0.02890625
0 0.840625 0.7796875 0.0453125 0.0421875
0 0.834375 0.89140625 0.03359375 0.0328125
0 0.7546875 0.6375 0.03984375 0.0375
0 0.9359375 0.56171875 0.078125 0.07265625