0 0.47265625 0.3375 0.03515625 0.03984375
0 0.2625 0.0453125 0.040625 0.04765625
0 0.38359375 0.328125 0.04296875 0.0359375
0 0.121875 0.328125 0.0484375 0.04609375
0 0.1015625 0.4515625 0.05703125 0.05859375
0 0.18828125 0.05546875 0.065625 0.053125
0 0.25234375 0.3578125 0.03515625 0.0328125
0 0.45234375 0.4390625 0.034375 0.03359375
0 0.1125 0.428125 0.0296875 0.0296875
0 0.83203125 0.46328125 0.05078125 0.0421875
0 0.7078125 0.159375 0.059375 0.05234375
0 0.74296875 0.134375 0.0453125 0.04453125
0 0.59765625 0.153125 0.0484375 0.046875
0 0.7265625 0.12890625 0.05 0.046875
0 0.64453125 0.1328125 0.05625 0.0828125
0 0.56640625 0.24296875 0.0515625 0.0609375
0 0.522265625 0.05 0.04453125 0.0453125
0 0.67265625 0.20078125 0.05390625 0.05234375
0 0.55859375 0.04921875 0.05546875 0.05546875
0 0.525390625 0.1015625 0.05078125 0.075
0 0.540625 0.034375 0.0671875 0.06875
0 0.96015625 0.41484375 0.06015625 0.0578125
0 0.66328125 0.0828125 0.05390625 0.05625
0 0.671875 0.02421875 0.03359375 0.0328125
0 0.58359375 0.36015625 0.034375 0.03046875
0 0.18203125 0.85625 0.03984375 0.04296875
0 0.201171875 0.984765625 0.05859375 0.03046875
0 0.1734375 0.520703125 0.0640625 0.04140625
0 0.00859375 0.948828125 0.0171875 0.07265625
0 0.1609375 0.9625 0.05234375 0.05546875
0 0.15703125 0.56640625 0.05390625 0.05625
0 0.33203125 0.8796875 0.0765625 0.0734375
0 0.2109375 0.53671875 0.04453125 0.04375
0 0.54609375 0.77578125 0.07578125 0.0640625
0 0.8359375 0.7421875 0.04609375 0.06796875
0 0.6875 0.959375 0.06796875 0.0609375
0 0.73203125 0.6859375 0.0609375 0.0734375
0 0.80703125 0.7734375 0.059375 0.05546875
0 0.5859375 0.89296875 0.0578125 0.0515625
0 0.8390625 0.8359375 0.0484375 0.0453125
0 0.8296875 0.621875 0.0421875 0.04765625
0 0.525 0.753125 0.03828125 0.03515625