0 0.25546875 0.14140625 0.04296875 0.046875
0 0.50625 0.23828125 0.0546875 0.0453125
0 0.62578125 0.522265625 0.0484375 0.07421875
0 0.28515625 0.04765625 0.07734375 0.084375
0 0.1640625 0.08984375 0.04765625 0.0703125
0 0.209375 0.3515625 0.04609375 0.05546875
0 0.59609375 0.13671875 0.0390625 0.0359375
0 0.31953125 0.38671875 0.07109375 0.06953125
0 0.25 0.50078125 0.075 0.06640625
0 0.2828125 0.4046875 0.053125 0.05
0 0.4609375 0.29375 0.03359375 0.03046875
0 0.30625 0.053125 0.05234375 0.04453125
0 0.43359375 0.05 0.0671875 0.0703125
0 0.24375 0.275 0.07109375 0.06796875
0 0.08046875 0.41640625 0.0578125 0.05703125
0 0.190625 0.31484375 0.07578125 0.06015625
0 0.1359375 0.0671875 0.0296875 0.02890625
0 0.13984375 0.34609375 0.0421875 0.0390625
0 0.53671875 0.09921875 0.0390625 0.0390625
0 0.015625 0.416015625 0.03125 0.05703125
0 0.89296875 0.4421875 0.05390625 0.0453125
0 0.91640625 0.525 0.0578125 0.0609375
0 0.9875 0.141015625 0.025 0.04609375
0 0.809375 0.06875 0.04609375 0.04296875
0 0.759375 0.10703125 0.04296875 0.0421875
0 0.71015625 0.10546875 0.053125 0.05
0 0.53046875 0.64921875 0.03046875 0.03359375
0 0.4296875 0.89453125 0.05 0.05390625
0 0.623046875 0.7765625 0.05390625 0.0625
0 0.3390625 0.8609375 0.08046875 0.07109375
0 0.4375 0.9640625 0.05625 0.05234375
0 0.43125 0.87578125 0.0625 0.06015625
0 0.29296875 0.78984375 0.08203125 0.0859375
0 0.4796875 0.6640625 0.0578125 0.05859375
0 0.52265625 0.7625 0.03515625 0.0359375
0 0.4015625 0.62734375 0.0546875 0.05234375
0 0.63046875 0.8140625 0.02578125 0.02578125