0 0.55078125 0.384375 0.02734375 0.0296875
0 0.6296875 0.17890625 0.071875 0.0625
0 0.38125 0.54140625 0.05078125 0.04375
0 0.709375 0.45234375 0.075 0.07734375
0 0.325 0.6265625 0.06328125 0.06796875
0 0.24609375 0.49140625 0.04453125 0.053125
0 0.18203125 0.5046875 0.0484375 0.046875
0 0.3390625 0.3828125 0.03828125 0.0453125
0 0.45 0.39921875 0.0640625 0.07734375
0 0.6359375 0.18203125 0.0453125 0.05625
0 0.19609375 0.49453125 0.0875 0.078125
0 0.6515625 0.08671875 0.05703125 0.05703125
0 0.25078125 0.35390625 0.0546875 0.05234375
0 0.38515625 0.3625 0.0453125 0.0421875
0 0.31640625 0.6796875 0.03046875 0.028125
0 0.26484375 0.90703125 0.03828125 0.0375
0 0.54296875 0.30625 0.028125 0.02578125
0 0.7875 0.38515625 0.03515625 0.0390625
0 0.7546875 0.34453125 0.04140625 0.040625
0 0.62734375 0.1 0.03984375 0.0390625
0 0.771875 0.5484375 0.0640625 0.059375
0 0.012890625 0.49140625 0.02578125 0.053125
0 0.06796875 0.5046875 0.0484375 0.046875
0 0.05390625 0.49453125 0.0875 0.078125
0 0.01328125 0.353515625 0.0265625 0.05234375
0 0.9625 0.38515625 0.03515625 0.0390625
0 0.987109375 0.34453125 0.02578125 0.040625
0 0.973046875 0.5484375 0.05390625 0.059375