0 0.26015625 0.0484375 0.02734375 0.0296875
0 0.1015625 0.078125 0.07109375 0.059375
0 0.6046875 0.08515625 0.084375 0.08828125
0 0.57890625 0.040625 0.06875 0.0671875
0 0.608203125 0.6015625 0.07890625 0.015625
0 0.42265625 0.52578125 0.04296875 0.0375
0 0.534375 0.234375 0.04453125 0.0375
0 0.50546875 0.43046875 0.0578125 0.06953125
0 0.546875 0.521875 0.04453125 0.04140625
0 0.026171875 0.078125 0.05234375 0.059375
0 0.85078125 0.521875 0.03046875 0.03359375
0 0.991796875 0.59609375 0.01640625 0.0265625
0 0.92890625 0.3921875 0.04140625 0.05
0 0.8 0.53671875 0.0578125 0.05859375
0 0.828125 0.08515625 0.0546875 0.05625
0 0.721875 0.5 0.0546875 0.05234375
0 0.97578125 0.217578125 0.0484375 0.05390625
0 0.553515625 0.96953125 0.05546875 0.0609375
0 0.50546875 0.88828125 0.0640625 0.0625
0 0.2328125 0.8625 0.0875 0.078125
0 0.3640625 0.85 0.0671875 0.0640625
0 0.55078125 0.83125 0.05703125 0.0546875
0 0.45703125 0.8390625 0.06640625 0.04140625
0 0.553125 0.93125 0.0515625 0.04765625
0 0.77109375 0.875 0.025 0.0234375