0 0.63984375 0.4359375 0.07578125 0.06328125
0 0.3921875 0.67265625 0.071875 0.0625
0 0.33828125 0.6609375 0.0515625 0.05546875
0 0.2828125 0.596875 0.04609375 0.03984375
0 0.76953125 0.64609375 0.05234375 0.05625
0 0.28203125 0.5828125 0.05390625 0.0796875
0 0.70703125 0.56015625 0.05390625 0.06484375
0 0.7765625 0.74765625 0.06015625 0.05625
0 0.809375 0.12890625 0.05 0.06015625
0 0.3421875 0.546875 0.071875 0.0703125
0 0.4953125 0.259375 0.0859375 0.07734375
0 0.34921875 0.75234375 0.06875 0.071875
0 0.38046875 0.3453125 0.0515625 0.05234375
0 0.2171875 0.20703125 0.04453125 0.0453125
0 0.80859375 0.32734375 0.03125 0.03515625
0 0.49453125 0.77734375 0.0484375 0.046875
0 0.26484375 0.59765625 0.04140625 0.05
0 0.71953125 0.121875 0.034375 0.03828125
0 0.69609375 0.571875 0.0453125 0.0421875
0 0.68984375 0.68359375 0.03359375 0.0328125
0 0.61015625 0.4296875 0.03984375 0.0375
0 0.79140625 0.35390625 0.078125 0.07265625
0 0.976953125 0.64609375 0.04609375 0.05625
0 0.971484375 0.74765625 0.05703125 0.05625
0 0.940625 0.12890625 0.05 0.06015625
0 0.0328125 0.20703125 0.04453125 0.0453125
0 0.94140625 0.32734375 0.03125 0.03515625
0 0.95859375 0.35390625 0.078125 0.07265625