0 0.20078125 0.9515625 0.078125 0.06484375
0 0.18046875 0.36484375 0.059375 0.05234375
0 0.528125 0.81953125 0.07890625 0.08203125
0 0.3421875 0.15859375 0.071875 0.078125
0 0.28125 0.0265625 0.0546875 0.046875
0 0.2390625 0.434375 0.06484375 0.0625
0 0.6078125 0.81953125 0.05 0.0734375
0 0.18984375 0.0671875 0.0359375 0.04296875
0 0.54375 0.47421875 0.0453125 0.0421875
0 0.19609375 0.15390625 0.0515625 0.06328125
0 0.3125 0.64765625 0.0578125 0.05703125
0 0.40703125 0.4484375 0.059375 0.05625
0 0.50703125 0.8 0.08203125 0.0859375
0 0.61328125 0.8125 0.05078125 0.05234375
0 0.18671875 0.265625 0.03515625 0.03046875
0 0.52734375 0.82734375 0.0640625 0.0609375
0 0.3 0.4484375 0.04453125 0.05390625
0 0.6515625 0.4421875 0.05234375 0.0421875
0 0.359375 0.0421875 0.0375 0.034375
0 0.41328125 0.1453125 0.0359375 0.03515625
0 0.32890625 0.440625 0.034375 0.03125
0 0.7328125 0.746875 0.0265625 0.02890625
0 0.6171875 0.8609375 0.0265625 0.02265625
0 0.1984375 0.440625 0.0515625 0.04765625
0 0.32890625 0.065625 0.07109375 0.06640625
0 0.04921875 0.9515625 0.078125 0.06484375
0 0.06953125 0.36484375 0.059375 0.05234375
0 0.021484375 0.434375 0.04296875 0.0625
0 0.06015625 0.0671875 0.0359375 0.04296875
0 0.05390625 0.15390625 0.0515625 0.06328125
0 0.06328125 0.265625 0.03515625 0.03046875
0 0.0515625 0.440625 0.0515625 0.04765625