0 0.16328125 0.246875 0.05234375 0.0609375
0 0.0921875 0.497265625 0.0640625 0.04453125
0 0.31484375 0.20859375 0.07265625 0.065625
0 0.03203125 0.303125 0.04375 0.04375
0 0.23671875 0.32734375 0.0546875 0.046875
0 0.25546875 0.21171875 0.0515625 0.05390625
0 0.09140625 0.11640625 0.0625 0.0625
0 0.04140625 0.34453125 0.05078125 0.05234375
0 0.05703125 0.303125 0.05703125 0.04609375
0 0.22890625 0.3234375 0.02734375 0.02578125
0 0.39921875 0.20859375 0.07265625 0.065625
0 0.49609375 0.0125 0.0703125 0.025
0 0.8 0.36953125 0.0515625 0.05546875
0 0.859375 0.246875 0.034375 0.0421875
0 0.5140625 0.44609375 0.075 0.07265625
0 0.59765625 0.45546875 0.06484375 0.06484375
0 0.809375 0.37890625 0.05625 0.05703125
0 0.740625 0.34140625 0.02890625 0.0234375
0 0.815625 0.2515625 0.04765625 0.046875
0 0.77421875 0.403125 0.03984375 0.0359375
0 0.983203125 0.369140625 0.03359375 0.05546875
0 0.9328125 0.246875 0.034375 0.0421875
0 0.97734375 0.378515625 0.0453125 0.05703125
0 0.976171875 0.2515625 0.04765625 0.046875
0 0.17890625 0.940625 0.07109375 0.059375
0 0.1828125 0.5375 0.04296875 0.0359375
0 0.0234375 0.740625 0.034375 0.04140625
0 0.3609375 0.60625 0.06328125 0.0578125
0 0.05703125 0.63125 0.059375 0.0578125
0 0.04140625 0.6578125 0.046875 0.04140625
0 0.25859375 0.7328125 0.040625 0.0421875
0 0.31015625 0.81484375 0.05625 0.05390625
0 0.016015625 0.6546875 0.03203125 0.0609375
0 0.09140625 0.58671875 0.03125 0.0296875
0 0.2171875 0.9265625 0.03359375 0.03046875
0 0.196875 0.88359375 0.03203125 0.03515625
0 0.825 0.80390625 0.03828125 0.0421875
0 0.5796875 0.66015625 0.05078125 0.0546875
0 0.7515625 0.6921875 0.03984375 0.04609375
0 0.94296875 0.8 0.04296875 0.0515625
0 0.983984375 0.77109375 0.03203125 0.0625
0 0.7296875 0.684375 0.0640625 0.05546875
0 0.69140625 0.69296875 0.0359375 0.0375
0 0.575 0.60859375 0.05390625 0.05078125
0 0.72890625 0.69296875 0.04453125 0.053125
0 0.528125 0.5234375 0.03125 0.0078125
0 0.987890625 0.98046875 0.02421875 0.034375
0 0.81875 0.784375 0.05703125 0.053125