0 0.0234375 0.281640625 0.046875 0.06484375
0 0.014453125 0.3328125 0.02890625 0.071875
0 0.026171875 0.499609375 0.05234375 0.01953125
0 0.025 0.421875 0.04765625 0.04765625
0 0.21875 0.05390625 0.05859375 0.0609375
0 0.140625 0.09609375 0.06015625 0.06328125
0 0.011328125 0.466015625 0.02265625 0.02265625
0 0.18359375 0.020703125 0.0625 0.04140625
0 0.008203125 0.151953125 0.01640625 0.02734375
0 0.12578125 0.17265625 0.03828125 0.03515625
0 0.59609375 0.05703125 0.0421875 0.04609375
0 0.80078125 0.275 0.06953125 0.07578125
0 0.68828125 0.00625 0.0515625 0.0125
0 0.63671875 0.2484375 0.0421875 0.040625
0 0.881640625 0.01875 0.05390625 0.0375
0 0.74375 0.26484375 0.04296875 0.05234375
0 0.8875 0.10390625 0.053125 0.0640625
0 0.55859375 0.08984375 0.0390625 0.046875
0 0.9390625 0.18125 0.075 0.0703125
0 0.68046875 0.36484375 0.04453125 0.0390625
0 0.481640625 0.262890625 0.04453125 0.05546875
0 0.50234375 0.27578125 0.0359375 0.0375
0 0.78671875 0.19140625 0.0578125 0.06015625
0 0.623828125 0.492578125 0.03515625 0.03359375
0 0.948046875 0.012109375 0.06328125 0.02421875
0 0.9375 0.4859375 0.04140625 0.0453125
0 0.79453125 0.240625 0.0546875 0.05078125
0 0.21796875 0.91796875 0.06953125 0.0578125
0 0.178515625 0.962890625 0.07265625 0.07421875
0 0.45390625 0.7625 0.0109375 0.0515625
0 0.11796875 0.97421875 0.053125 0.0515625
0 0.4515625 0.653125 0.015625 0.04375
0 0.43828125 0.548046875 0.0421875 0.07109375
0 0.02421875 0.9640625 0.04140625 0.04140625
0 0.434375 0.671875 0.05 0.0671875
0 0.16875 0.8171875 0.05 0.04296875
0 0.44140625 0.984375 0.0359375 0.03125
0 0.29765625 0.89453125 0.0640625 0.06015625
0 0.340625 0.8640625 0.021875 0.021875
0 0.62265625 0.54609375 0.075 0.0625
0 0.987109375 0.551953125 0.02578125 0.05859375
0 0.469921875 0.537890625 0.02109375 0.05703125
0 0.69453125 0.57734375 0.0640625 0.0625
0 0.852734375 0.988671875 0.06640625 0.02265625
0 0.480859375 0.714453125 0.04296875 0.06640625
0 0.6234375 0.64296875 0.06953125 0.06796875
0 0.86953125 0.5859375 0.021875 0.0203125
0 0.86953125 0.8875 0.0640625 0.06015625
0 0.834375 0.625 0.0421875 0.0359375
0 0.91328125 0.88125 0.0578125 0.05546875
0 0.97265625 0.57578125 0.05390625 0.06484375
0 0.973046875 0.866015625 0.05390625 0.04453125
0 0.94296875 0.514453125 0.0296875 0.01015625
0 0.97421875 0.78828125 0.0515625 0.0625