0 0.6453125 0.68046875 0.03515625 0.03984375
0 0.43515625 0.38828125 0.040625 0.04765625
0 0.55625 0.67109375 0.04296875 0.0359375
0 0.70859375 0.67734375 0.0890625 0.0796875
0 0.63828125 0.08828125 0.059375 0.05546875
0 0.69609375 0.70625 0.06484375 0.06328125
0 0.65078125 0.05078125 0.021875 0.01953125
0 0.6375 0.22734375 0.065625 0.06640625
0 0.29453125 0.67109375 0.0484375 0.04609375
0 0.7875 0.559375 0.0578125 0.059375
0 0.27421875 0.79453125 0.05703125 0.05859375
0 0.78828125 0.621875 0.05234375 0.0484375
0 0.60625 0.03515625 0.0546875 0.05390625
0 0.3609375 0.3984375 0.065625 0.053125
0 0.425 0.70078125 0.03515625 0.0328125
0 0.625 0.78203125 0.034375 0.03359375
0 0.7484375 0.6546875 0.03984375 0.03828125
0 0.28515625 0.77109375 0.0296875 0.0296875
0 0.796875 0.59609375 0.07578125 0.0703125
0 0.9625 0.559375 0.0578125 0.059375
0 0.96171875 0.621875 0.05234375 0.0484375
0 0.990625 0.654296875 0.01875 0.03828125
0 0.953125 0.59609375 0.07578125 0.0703125