0 0.3171875 0.43828125 0.0578125 0.059375
0 0.44609375 0.603125 0.0671875 0.071875
0 0.4078125 0.1671875 0.05234375 0.05078125
0 0.53984375 0.71328125 0.0421875 0.040625
0 0.165625 0.66640625 0.0375 0.04453125
0 0.7875 0.04375 0.059375 0.053125
0 0.625 0.40078125 0.05078125 0.06015625
0 0.503125 0.78203125 0.053125 0.05
0 0.73203125 0.646875 0.046875 0.05703125
0 0.44609375 0.1234375 0.0625 0.06015625
0 0.7953125 0.0859375 0.0609375 0.0546875
0 0.384375 0.32890625 0.05234375 0.05234375
0 0.79609375 0.3875 0.06875 0.071875
0 0.50390625 0.4453125 0.04453125 0.04453125
0 0.5578125 0.32578125 0.05859375 0.059375
0 0.6296875 0.25234375 0.05703125 0.05859375
0 0.47109375 0.50078125 0.03203125 0.02734375
0 0.33046875 0.28125 0.06640625 0.06328125
0 0.49765625 0.5234375 0.07265625 0.0578125
0 0.7765625 0.28984375 0.046875 0.04375
0 0.54375 0.34453125 0.034375 0.034375
0 0.3453125 0.88515625 0.07890625 0.07265625
0 0.084375 0.66640625 0.0375 0.04453125
0 0.9625 0.04375 0.059375 0.053125
0 0.9546875 0.0859375 0.0609375 0.0546875
0 0.95390625 0.3875 0.06875 0.071875
0 0.9734375 0.28984375 0.046875 0.04375