0 0.47890625 0.5609375 0.0328125 0.0359375
0 0.2 0.68515625 0.0421875 0.0375
0 0.490625 0.81953125 0.0703125 0.07265625
0 0.2296875 0.7859375 0.06328125 0.0671875
0 0.30546875 0.96640625 0.0546875 0.05234375
0 0.2234375 0.903125 0.0515625 0.04765625
0 0.19375 0.4796875 0.04296875 0.053125
0 0.71171875 0.45390625 0.071875 0.06875
0 0.25625 0.63828125 0.02109375 0.01953125
0 0.43359375 0.36953125 0.05625 0.05625
0 0.353125 0.8 0.02890625 0.025
0 0.24765625 0.6421875 0.0671875 0.0640625
0 0.23828125 0.69921875 0.0546875 0.05390625
0 0.5109375 0.70625 0.06328125 0.07578125
0 0.4671875 0.809375 0.05078125 0.040625
0 0.78125 0.7515625 0.03125 0.02890625
0 0.5203125 0.7921875 0.03203125 0.03125
0 0.26953125 0.51640625 0.0234375 0.02109375
0 0.178125 0.7453125 0.03359375 0.0375
0 0.6109375 0.51328125 0.025 0.02109375
0 0.05 0.68515625 0.0421875 0.0375
0 0.02578125 0.7859375 0.0515625 0.0671875
0 0.0265625 0.903125 0.0515625 0.04765625
0 0.05625 0.4796875 0.04296875 0.053125
0 0.01796875 0.6421875 0.0359375 0.0640625
0 0.01953125 0.698828125 0.0390625 0.05390625
0 0.96875 0.7515625 0.03125 0.02890625
0 0.071875 0.7453125 0.03359375 0.0375