0 0.19296875 0.33046875 0.04296875 0.0375
0 0.20859375 0.35703125 0.0734375 0.0765625
0 0.21171875 0.29765625 0.034375 0.03125
0 0.10078125 0.3640625 0.05 0.05859375
0 0.18046875 0.2046875 0.034375 0.03203125
0 0.988671875 0.337890625 0.02265625 0.05390625
0 0.45625 0.44140625 0.0484375 0.0171875
0 0.4703125 0.437109375 0.0625 0.02578125
0 0.9734375 0.391796875 0.053125 0.05703125
0 0.640625 0.040625 0.0453125 0.0546875
0 0.8390625 0.31484375 0.0546875 0.05078125
0 0.584375 0.3203125 0.05703125 0.06953125
0 0.618359375 0.421875 0.05859375 0.05625
0 0.83046875 0.40703125 0.06015625 0.05390625
0 0.5734375 0.33203125 0.06796875 0.06484375
0 0.86953125 0.34609375 0.03515625 0.03046875
0 0.84765625 0.438671875 0.0609375 0.02265625
0 0.46796875 0.429296875 0.0578125 0.04140625
0 0.82890625 0.04296875 0.0328125 0.0296875
0 0.6171875 0.26484375 0.0359375 0.03203125
0 0.15078125 0.60546875 0.04296875 0.046875
0 0.340625 0.53671875 0.05625 0.04765625
0 0.1015625 0.83046875 0.065625 0.06328125
0 0.371875 0.5828125 0.075 0.0703125
0 0.1421875 0.68046875 0.021875 0.0203125
0 0.36875 0.50390625 0.0609375 0.0578125
0 0.398046875 0.507421875 0.04296875 0.05390625
0 0.325 0.8484375 0.05546875 0.04453125
0 0.05078125 0.5421875 0.040625 0.02578125
0 0.14609375 0.853125 0.03203125 0.03125
0 0.3984375 0.520703125 0.0421875 0.04765625
0 0.94140625 0.63203125 0.05703125 0.0484375
0 0.686328125 0.988671875 0.05859375 0.02265625
0 0.971484375 0.57578125 0.05703125 0.053125
0 0.95078125 0.5640625 0.028125 0.02578125
0 0.9734375 0.546875 0.03125 0.03515625
0 0.81015625 0.92265625 0.05703125 0.05390625