0 0.23984375 0.0828125 0.0703125 0.0671875
0 0.22734375 0.23046875 0.05234375 0.05
0 0.33515625 0.23046875 0.03125 0.03046875
0 0.19375 0.1046875 0.02734375 0.0234375
0 0.41484375 0.230078125 0.009375 0.03046875
0 0.7015625 0.0984375 0.046875 0.0515625
0 0.74765625 0.09140625 0.05859375 0.05078125
0 0.47890625 0.29375 0.0640625 0.0609375
0 0.965625 0.0796875 0.05078125 0.046875
0 0.5515625 0.3390625 0.04140625 0.0515625
0 0.80625 0.09921875 0.07265625 0.07109375
0 0.73125 0.15078125 0.071875 0.06875
0 0.848046875 0.423046875 0.05546875 0.03359375
0 0.759765625 0.419921875 0.05546875 0.03984375
0 0.690625 0.134375 0.0265625 0.025
0 0.5078125 0.02890625 0.028125 0.02734375
0 0.4734375 0.0625 0.0359375 0.03203125
0 0.4515625 0.003515625 0.03125 0.00703125
0 0.385546875 0.581640625 0.06796875 0.06796875
0 0.396484375 0.83828125 0.04609375 0.078125
0 0.300390625 0.97734375 0.05390625 0.0453125
0 0.06484375 0.458984375 0.0453125 0.03828125
0 0.0921875 0.63515625 0.07578125 0.07890625
0 0.115625 0.5671875 0.053125 0.05078125
0 0.021484375 0.965625 0.04296875 0.0625
0 0.234375 0.915625 0.05703125 0.0453125
0 0.5703125 0.940625 0.08046875 0.0671875
0 0.63125 0.58203125 0.05703125 0.0625
0 0.66484375 0.57578125 0.0484375 0.071875
0 0.6875 0.796875 0.08828125 0.07890625
0 0.6 0.796875 0.08515625 0.0828125
0 0.6015625 0.584375 0.0828125 0.075
0 0.46484375 0.60546875 0.07890625 0.07578125
0 0.5796875 0.91328125 0.0625 0.05859375
0 0.69765625 0.89453125 0.04609375 0.04765625
0 0.71953125 0.8671875 0.05234375 0.0515625
0 0.665625 0.6515625 0.03359375 0.0296875
0 0.72578125 0.51796875 0.0375 0.0375