0 0.09765625 0.078125 0.071875 0.06015625
0 0.150390625 0.02109375 0.06328125 0.0421875
0 0.1390625 0.253125 0.065625 0.06328125
0 0.1109375 0.31328125 0.0359375 0.05390625
0 0.14375 0.15625 0.04453125 0.04140625
0 0.00546875 0.405859375 0.0109375 0.04453125
0 0.14453125 0.23203125 0.04609375 0.04609375
0 0.09375 0.2546875 0.05546875 0.053125
0 0.59609375 0.0453125 0.075 0.0625
0 0.973828125 0.051171875 0.05234375 0.05859375
0 0.42265625 0.03359375 0.0625 0.0640625
0 0.66796875 0.0765625 0.0640625 0.0625
0 0.8265625 0.50859375 0.06640625 0.0640625
0 0.4484375 0.2140625 0.0546875 0.06640625
0 0.596875 0.1421875 0.06953125 0.06796875
0 0.84296875 0.08515625 0.021875 0.0203125
0 0.84296875 0.38671875 0.0640625 0.06015625
0 0.8078125 0.12421875 0.0421875 0.0359375
0 0.88671875 0.38046875 0.0578125 0.05546875
0 0.94609375 0.075 0.05390625 0.06484375
0 0.94765625 0.365625 0.05546875 0.04453125
0 0.87109375 0.5421875 0.03359375 0.03046875
0 0.91640625 0.009375 0.0296875 0.01875
0 0.95546875 0.2875 0.06640625 0.0625
0 0.19765625 0.74609375 0.053125 0.04375
0 0.175 0.90234375 0.06953125 0.071875
0 0.72734375 0.91796875 0.06328125 0.06796875
0 0.80703125 0.86328125 0.06328125 0.06875
0 0.66484375 0.7109375 0.0640625 0.0671875
0 0.859375 0.64296875 0.07109375 0.06796875
0 0.85859375 0.65546875 0.0328125 0.03046875
0 0.4953125 0.77890625 0.05078125 0.046875
0 0.73203125 0.9296875 0.03984375 0.0390625