0 0.44296875 0.5796875 0.04296875 0.046875
0 0.6265625 0.459375 0.07109375 0.059375
0 0.184375 0.621875 0.0484375 0.04140625
0 0.784375 0.6125 0.04453125 0.0390625
0 0.31015625 0.5265625 0.0734375 0.0796875
0 0.4015625 0.6078125 0.04609375 0.0546875
0 0.63046875 0.05625 0.04296875 0.0359375
0 0.3953125 0.59375 0.05625 0.05390625
0 0.6609375 0.75625 0.05859375 0.05625
0 0.47109375 0.259375 0.034375 0.04140625
0 0.5765625 0.56484375 0.04609375 0.05546875
0 0.80859375 0.125 0.06328125 0.0578125
0 0.5046875 0.15 0.059375 0.0578125
0 0.4890625 0.1765625 0.046875 0.04140625
0 0.64609375 0.78046875 0.06953125 0.06640625
0 0.35078125 0.2703125 0.046875 0.04765625
0 0.70625 0.2515625 0.040625 0.0421875
0 0.7578125 0.33359375 0.05625 0.05390625
0 0.4484375 0.1734375 0.0625 0.0609375
0 0.34765625 0.2390625 0.05 0.05859375
0 0.409375 0.22265625 0.05 0.03984375
0 0.5390625 0.10546875 0.03125 0.0296875
0 0.68203125 0.028125 0.03359375 0.03203125
0 0.66484375 0.4453125 0.03359375 0.03046875
0 0.64453125 0.40234375 0.03203125 0.03515625
0 0.303125 0.284375 0.0453125 0.04453125
0 0.66484375 0.94375 0.02890625 0.028125
0 0.35390625 0.2578125 0.0734375 0.06875
0 0.065625 0.621875 0.0484375 0.04140625
0 0.965625 0.6125 0.04453125 0.0390625
0 0.94140625 0.125 0.06328125 0.0578125
0 0.98203125 0.333203125 0.0359375 0.05390625