0 0.2296875 0.1515625 0.07890625 0.08203125
0 0.13671875 0.51953125 0.0515625 0.040625
0 0.4421875 0.0984375 0.05390625 0.05859375
0 0.44375 0.50390625 0.06796875 0.065625
0 0.31328125 0.34609375 0.03125 0.03828125
0 0.215625 0.4828125 0.03984375 0.0484375
0 0.2015625 0.4453125 0.07109375 0.06953125
0 0.015625 0.44609375 0.03125 0.0359375
0 0.174609375 0.51796875 0.06953125 0.04375
0 0.37734375 0.23046875 0.05 0.05078125
0 0.50859375 0.259375 0.059375 0.0578125
0 0.41875 0.006640625 0.04375 0.01328125
0 0.037109375 0.602734375 0.07421875 0.08203125
0 0.16171875 0.60859375 0.05546875 0.04765625
0 0.16796875 0.596875 0.04453125 0.04296875
0 0.556640625 0.987109375 0.06640625 0.02578125
0 0.14375 0.5671875 0.02734375 0.025
0 0.1046875 0.765625 0.05234375 0.04453125
0 0.284375 0.59140625 0.05546875 0.05625
0 0.05078125 0.5703125 0.0390625 0.040625
0 0.071875 0.5984375 0.06328125 0.0625
0 0.5515625 0.809375 0.05859375 0.0703125
0 0.203125 0.62421875 0.03984375 0.04296875
0 0.16796875 0.8015625 0.04296875 0.04140625
0 0.11015625 0.65859375 0.0296875 0.02890625
0 0.54609375 0.93828125 0.028125 0.028125
0 0.296875 0.5703125 0.05546875 0.05234375