0 0.159375 0.43828125 0.05859375 0.0515625
0 0.146875 0.1375 0.08046875 0.08359375
0 0.36015625 0.09609375 0.06875 0.0734375
0 0.39453125 0.07109375 0.05078125 0.05
0 0.40078125 0.2765625 0.06484375 0.078125
0 0.2765625 0.14453125 0.0609375 0.0546875
0 0.23515625 0.42734375 0.04140625 0.04140625
0 0.28515625 0.37890625 0.0609375 0.05859375
0 0.059375 0.328125 0.0671875 0.0671875
0 0.26640625 0.15234375 0.05390625 0.0515625
0 0.2921875 0.1765625 0.05078125 0.046875
0 0.1328125 0.2828125 0.07578125 0.071875
0 0.4 0.15859375 0.065625 0.0640625
0 0.36484375 0.34609375 0.05234375 0.0328125
0 0.31015625 0.13515625 0.0546875 0.0515625
0 0.23203125 0.3609375 0.021875 0.021875
0 0.5328125 0.09609375 0.0140625 0.0734375
0 0.519921875 0.07109375 0.03984375 0.05
0 0.51328125 0.2765625 0.053125 0.078125
0 0.513671875 0.15859375 0.05234375 0.0640625
0 0.534375 0.34609375 0.0109375 0.0328125
0 0.88515625 0.35078125 0.040625 0.0453125
0 0.9765625 0.319921875 0.046875 0.05234375
0 0.0140625 0.871875 0.028125 0.071875
0 0.08828125 0.980859375 0.0421875 0.03828125
0 0.1734375 0.66953125 0.05078125 0.06015625
0 0.28046875 0.915625 0.046875 0.05703125
0 0.34453125 0.65625 0.06875 0.071875
0 0.05234375 0.7140625 0.04453125 0.04453125
0 0.10625 0.59453125 0.05859375 0.059375
0 0.178125 0.52109375 0.05703125 0.05859375
0 0.01953125 0.76953125 0.03203125 0.02734375
0 0.04609375 0.7921875 0.07265625 0.0578125
0 0.325 0.55859375 0.046875 0.04375
0 0.0921875 0.61328125 0.034375 0.034375
0 0.50234375 0.65625 0.06875 0.071875
0 0.519140625 0.55859375 0.04140625 0.04375
0 0.62109375 0.78671875 0.0640625 0.06875
0 0.63515625 0.628125 0.05390625 0.05234375
0 0.853125 0.5578125 0.05390625 0.046875
0 0.85078125 0.575 0.053125 0.05078125
0 0.73125 0.60078125 0.046875 0.04453125