0 0.0125 0.26015625 0.025 0.0296875
0 0.090625 0.0546875 0.071875 0.0625
0 0.1703125 0.328125 0.075 0.07734375
0 0.096875 0.0578125 0.0453125 0.05625
0 0.008984375 0.181640625 0.01796875 0.02578125
0 0.2484375 0.2609375 0.03515625 0.0390625
0 0.215625 0.2203125 0.04140625 0.040625
0 0.2328125 0.42421875 0.0640625 0.059375
0 0.690625 0.47578125 0.0375 0.040625
0 0.6015625 0.44140625 0.0671875 0.06015625
0 0.48671875 0.1546875 0.0265625 0.0234375
0 0.65703125 0.49140625 0.04609375 0.046875
0 0.484375 0.06015625 0.03828125 0.0390625
0 0.53984375 0.109375 0.034375 0.03203125
0 0.61796875 0.39921875 0.06484375 0.07734375
0 0.5765625 0.42421875 0.02578125 0.0234375
0 0.380859375 0.49453125 0.02265625 0.0328125
0 0.479296875 0.01796875 0.04765625 0.0359375
0 0.61953125 0.35234375 0.034375 0.03046875
0 0.1484375 0.746875 0.0609375 0.05234375
0 0.09453125 0.9234375 0.04375 0.04296875
0 0.020703125 0.552734375 0.04140625 0.04609375
0 0.0515625 0.92734375 0.0390625 0.03359375
0 0.26171875 0.73671875 0.0453125 0.04609375
0 0.1140625 0.92421875 0.0296875 0.03359375
0 0.20625 0.91171875 0.0703125 0.06640625
0 0.362890625 0.736328125 0.01328125 0.04609375
0 0.68984375 0.90859375 0.05859375 0.05078125
0 0.53828125 0.57109375 0.025 0.021875
0 0.51015625 0.73828125 0.028125 0.03046875
0 0.7234375 0.553125 0.0359375 0.03359375