0 0.04921875 0.35 0.04296875 0.046875
0 0.2390625 0.28125 0.05625 0.04765625
0 0.24609375 0.109375 0.06015625 0.065625
0 0.2765625 0.0828125 0.0578125 0.05546875
0 0.4 0.39453125 0.065625 0.07890625
0 0.3625 0.30703125 0.05 0.0609375
0 0.2703125 0.32734375 0.075 0.0703125
0 0.040625 0.425 0.021875 0.0203125
0 0.2671875 0.2484375 0.0609375 0.0578125
0 0.3015625 0.25234375 0.05234375 0.05390625
0 0.41875 0.32734375 0.05703125 0.06796875
0 0.3015625 0.265625 0.0515625 0.04765625
0 0.223046875 0.025390625 0.08046875 0.05078125
0 0.76796875 0.165625 0.06953125 0.0578125
0 0.72890625 0.21328125 0.07265625 0.07890625
0 0.66796875 0.23515625 0.053125 0.078125
0 0.63046875 0.4140625 0.08984375 0.08046875
0 0.57421875 0.21171875 0.04140625 0.04140625
0 0.71875 0.06484375 0.05 0.04296875
0 0.98671875 0.254296875 0.0265625 0.07578125
0 0.84765625 0.1421875 0.0640625 0.06015625
0 0.87734375 0.46796875 0.03046875 0.03359375
0 0.890625 0.11171875 0.021875 0.021875
0 0.478515625 0.211328125 0.03828125 0.04140625
0 0.375 0.5578125 0.0546875 0.0453125
0 0.078125 0.67109375 0.04609375 0.05546875
0 0.18828125 0.70625 0.07109375 0.06953125
0 0.11875 0.8203125 0.075 0.06640625
0 0.1515625 0.72421875 0.053125 0.05
0 0.3296875 0.61328125 0.03359375 0.03046875
0 0.1125 0.59453125 0.07109375 0.06796875
0 0.059375 0.634375 0.07578125 0.06015625
0 0.01484375 0.665625 0.0296875 0.0390625
0 0.70703125 0.94296875 0.0375 0.03203125
0 0.7640625 0.7359375 0.0453125 0.05390625
0 0.875 0.815625 0.05703125 0.0484375
0 0.47421875 0.714453125 0.0296875 0.05390625
0 0.7203125 0.79140625 0.04609375 0.04296875
0 0.7 0.809375 0.0453125 0.04296875
0 0.87421875 0.76015625 0.040625 0.0375
0 0.81015625 0.93359375 0.0484375 0.0453125